1440
0.000000 -0.000000
600.000000 -0.000000
1200.000000 -0.000001
1800.000000 -0.000159
2400.000000 -0.002659
3000.000000 -0.016517
3600.000000 -0.058743
4200.000000 -0.148099
4800.000000 -0.297736
5400.000000 -0.511919
6000.000000 -0.786764
6600.000000 -1.112855
7200.000000 -1.478032
7800.000000 -1.869560
8400.000000 -2.275532
9000.000000 -2.685605
9600.000000 -3.091284
10200.000000 -3.485918
10800.000000 -3.864534
11400.000000 -4.223612
12000.000000 -4.560833
12600.000000 -4.874848
13200.000000 -5.165063
13800.000000 -5.431462
14400.000000 -5.674459
15000.000000 -5.894781
15600.000000 -6.093365
16200.000000 -6.271291
16800.000000 -6.429723
17400.000000 -6.569863
18000.000000 -6.692919
18600.000000 -6.800086
19200.000000 -6.892520
19800.000000 -6.971337
20400.000000 -7.037598
21000.000000 -7.092307
21600.000000 -7.136407
22200.000000 -7.170785
22800.000000 -7.196264
23400.000000 -7.213612
24000.000000 -7.223543
24600.000000 -7.226715
25200.000000 -7.223738
25800.000000 -7.215175
26400.000000 -7.201543
27000.000000 -7.183320
27600.000000 -7.160946
28200.000000 -7.134824
28800.000000 -7.105324
29400.000000 -7.072787
30000.000000 -7.037524
30600.000000 -6.999824
31200.000000 -6.959947
31800.000000 -6.918136
32400.000000 -6.874609
33000.000000 -6.829569
33600.000000 -6.783200
34200.000000 -6.735672
34800.000000 -6.687140
35400.000000 -6.637744
36000.000000 -6.587615
36600.000000 -6.536870
37200.000000 -6.485617
37800.000000 -6.433955
38400.000000 -6.381973
39000.000000 -6.329755
39600.000000 -6.277373
40200.000000 -6.224897
40800.000000 -6.172388
41400.000000 -6.119903
42000.000000 -6.067492
42600.000000 -6.015202
43200.000000 -5.963074
43800.000000 -5.911148
44400.000000 -5.859457
45000.000000 -5.808031
45600.000000 -5.756900
46200.000000 -5.706087
46800.000000 -5.655615
47400.000000 -5.605505
48000.000000 -5.555773
48600.000000 -5.506435
49200.000000 -5.457506
49800.000000 -5.408998
50400.000000 -5.360920
51000.000000 -5.313283
51600.000000 -5.266094
52200.000000 -5.219360
52800.000000 -5.173085
53400.000000 -5.127276
54000.000000 -5.081935
54600.000000 -5.037065
55200.000000 -4.992668
55800.000000 -4.948745
56400.000000 -4.905298
57000.000000 -4.862325
57600.000000 -4.819827
58200.000000 -4.777802
58800.000000 -4.736250
59400.000000 -4.695167
60000.000000 -4.654553
60600.000000 -4.614404
61200.000000 -4.574718
61800.000000 -4.535492
62400.000000 -4.496721
63000.000000 -4.458404
63600.000000 -4.420535
64200.000000 -4.383112
64800.000000 -4.346129
65400.000000 -4.309583
66000.000000 -4.273470
66600.000000 -4.237785
67200.000000 -4.202524
67800.000000 -4.167681
68400.000000 -4.133253
69000.000000 -4.099235
69600.000000 -4.065621
70200.000000 -4.032408
70800.000000 -3.999591
71400.000000 -3.967164
72000.000000 -3.935123
72600.000000 -3.903463
73200.000000 -3.872179
73800.000000 -3.841267
74400.000000 -3.810721
75000.000000 -3.780537
75600.000000 -3.750711
76200.000000 -3.721237
76800.000000 -3.692111
77400.000000 -3.663328
78000.000000 -3.634883
78600.000000 -3.606773
79200.000000 -3.578992
79800.000000 -3.551536
80400.000000 -3.524400
81000.000000 -3.497580
81600.000000 -3.471073
82200.000000 -3.444872
82800.000000 -3.418975
83400.000000 -3.393376
84000.000000 -3.368073
84600.000000 -3.343060
85200.000000 -3.318333
85800.000000 -3.293890
86400.000000 -3.269724
87000.000000 -3.245834
87600.000000 -3.222214
88200.000000 -3.198861
88800.000000 -3.175772
89400.000000 -3.152942
90000.000000 -3.130369
90600.000000 -3.108047
91200.000000 -3.085974
91800.000000 -3.064147
92400.000000 -3.042561
93000.000000 -3.021214
93600.000000 -3.000102
94200.000000 -2.979222
94800.000000 -2.958571
95400.000000 -2.938145
96000.000000 -2.917941
96600.000000 -2.897956
97200.000000 -2.878187
97800.000000 -2.858632
98400.000000 -2.839286
99000.000000 -2.820148
99600.000000 -2.801214
100200.000000 -2.782481
100800.000000 -2.763947
101400.000000 -2.745610
102000.000000 -2.727465
102600.000000 -2.709511
103200.000000 -2.691745
103800.000000 -2.674165
104400.000000 -2.656767
105000.000000 -2.639550
105600.000000 -2.622511
106200.000000 -2.605647
106800.000000 -2.588957
107400.000000 -2.572437
108000.000000 -2.556086
108600.000000 -2.539901
109200.000000 -2.523880
109800.000000 -2.508021
110400.000000 -2.492322
111000.000000 -2.476780
111600.000000 -2.461394
112200.000000 -2.446161
112800.000000 -2.431079
113400.000000 -2.416147
114000.000000 -2.401362
114600.000000 -2.386722
115200.000000 -2.372226
115800.000000 -2.357872
116400.000000 -2.343658
117000.000000 -2.329581
117600.000000 -2.315641
118200.000000 -2.301835
118800.000000 -2.288162
119400.000000 -2.274620
120000.000000 -2.261207
120600.000000 -2.247922
121200.000000 -2.234763
121800.000000 -2.221729
122400.000000 -2.208817
123000.000000 -2.196026
123600.000000 -2.183356
124200.000000 -2.170803
124800.000000 -2.158368
125400.000000 -2.146047
126000.000000 -2.133841
126600.000000 -2.121747
127200.000000 -2.109764
127800.000000 -2.097891
128400.000000 -2.086126
129000.000000 -2.074468
129600.000000 -2.062916
130200.000000 -2.051468
130800.000000 -2.040123
131400.000000 -2.028880
132000.000000 -2.017738
132600.000000 -2.006695
133200.000000 -1.995751
133800.000000 -1.984903
134400.000000 -1.974151
135000.000000 -1.963494
135600.000000 -1.952930
136200.000000 -1.942459
136800.000000 -1.932079
137400.000000 -1.921790
138000.000000 -1.911590
138600.000000 -1.901478
139200.000000 -1.891453
139800.000000 -1.881514
140400.000000 -1.871660
141000.000000 -1.861890
141600.000000 -1.852204
142200.000000 -1.842599
142800.000000 -1.833076
143400.000000 -1.823633
144000.000000 -1.814269
144600.000000 -1.804984
145200.000000 -1.795777
145800.000000 -1.786646
146400.000000 -1.777591
147000.000000 -1.768610
147600.000000 -1.759704
148200.000000 -1.750871
148800.000000 -1.742111
149400.000000 -1.733422
150000.000000 -1.724804
150600.000000 -1.716256
151200.000000 -1.707778
151800.000000 -1.699368
152400.000000 -1.691025
153000.000000 -1.682750
153600.000000 -1.674540
154200.000000 -1.666397
154800.000000 -1.658318
155400.000000 -1.650303
156000.000000 -1.642352
156600.000000 -1.634463
157200.000000 -1.626636
157800.000000 -1.618871
158400.000000 -1.611167
159000.000000 -1.603522
159600.000000 -1.595937
160200.000000 -1.588411
160800.000000 -1.580943
161400.000000 -1.573532
162000.000000 -1.566178
162600.000000 -1.558881
163200.000000 -1.551640
163800.000000 -1.544453
164400.000000 -1.537321
165000.000000 -1.530243
165600.000000 -1.523219
166200.000000 -1.516248
166800.000000 -1.509329
167400.000000 -1.502461
168000.000000 -1.495645
168600.000000 -1.488880
169200.000000 -1.482165
169800.000000 -1.475500
170400.000000 -1.468884
171000.000000 -1.462316
171600.000000 -1.455797
172200.000000 -1.449326
172800.000000 -1.442901
173400.000000 -1.436524
174000.000000 -1.430193
174600.000000 -1.423908
175200.000000 -1.417668
175800.000000 -1.411473
176400.000000 -1.405322
177000.000000 -1.399216
177600.000000 -1.393153
178200.000000 -1.387134
178800.000000 -1.381157
179400.000000 -1.375222
180000.000000 -1.369330
180600.000000 -1.363479
181200.000000 -1.357669
181800.000000 -1.351900
182400.000000 -1.346171
183000.000000 -1.340482
183600.000000 -1.334832
184200.000000 -1.329222
184800.000000 -1.323651
185400.000000 -1.318118
186000.000000 -1.312623
186600.000000 -1.307166
187200.000000 -1.301746
187800.000000 -1.296363
188400.000000 -1.291017
189000.000000 -1.285707
189600.000000 -1.280433
190200.000000 -1.275195
190800.000000 -1.269992
191400.000000 -1.264823
192000.000000 -1.259690
192600.000000 -1.254591
193200.000000 -1.249526
193800.000000 -1.244494
194400.000000 -1.239496
195000.000000 -1.234531
195600.000000 -1.229599
196200.000000 -1.224699
196800.000000 -1.219832
197400.000000 -1.214996
198000.000000 -1.210192
198600.000000 -1.205419
199200.000000 -1.200678
199800.000000 -1.195967
200400.000000 -1.191286
201000.000000 -1.186636
201600.000000 -1.182015
202200.000000 -1.177425
202800.000000 -1.172863
203400.000000 -1.168331
204000.000000 -1.163828
204600.000000 -1.159353
205200.000000 -1.154907
205800.000000 -1.150489
206400.000000 -1.146099
207000.000000 -1.141736
207600.000000 -1.137401
208200.000000 -1.133093
208800.000000 -1.128812
209400.000000 -1.124557
210000.000000 -1.120329
210600.000000 -1.116127
211200.000000 -1.111952
211800.000000 -1.107802
212400.000000 -1.103677
213000.000000 -1.099578
213600.000000 -1.095504
214200.000000 -1.091455
214800.000000 -1.087431
215400.000000 -1.083431
216000.000000 -1.079456
216600.000000 -1.075504
217200.000000 -1.071577
217800.000000 -1.067673
218400.000000 -1.063792
219000.000000 -1.059935
219600.000000 -1.056101
220200.000000 -1.052290
220800.000000 -1.048502
221400.000000 -1.044736
222000.000000 -1.040993
222600.000000 -1.037271
223200.000000 -1.033572
223800.000000 -1.029894
224400.000000 -1.026238
225000.000000 -1.022604
225600.000000 -1.018991
226200.000000 -1.015398
226800.000000 -1.011827
227400.000000 -1.008277
228000.000000 -1.004747
228600.000000 -1.001237
229200.000000 -0.997748
229800.000000 -0.994279
230400.000000 -0.990830
231000.000000 -0.987401
231600.000000 -0.983991
232200.000000 -0.980601
232800.000000 -0.977230
233400.000000 -0.973878
234000.000000 -0.970545
234600.000000 -0.967231
235200.000000 -0.963936
235800.000000 -0.960659
236400.000000 -0.957401
237000.000000 -0.954161
237600.000000 -0.950939
238200.000000 -0.947735
238800.000000 -0.944549
239400.000000 -0.941381
240000.000000 -0.938230
240600.000000 -0.935097
241200.000000 -0.931981
241800.000000 -0.928882
242400.000000 -0.925800
243000.000000 -0.922735
243600.000000 -0.919687
244200.000000 -0.916656
244800.000000 -0.913641
245400.000000 -0.910642
246000.000000 -0.907660
246600.000000 -0.904694
247200.000000 -0.901744
247800.000000 -0.898810
248400.000000 -0.895891
249000.000000 -0.892989
249600.000000 -0.890102
250200.000000 -0.887230
250800.000000 -0.884374
251400.000000 -0.881533
252000.000000 -0.878707
252600.000000 -0.875896
253200.000000 -0.873100
253800.000000 -0.870318
254400.000000 -0.867552
255000.000000 -0.864800
255600.000000 -0.862062
256200.000000 -0.859339
256800.000000 -0.856630
257400.000000 -0.853935
258000.000000 -0.851254
258600.000000 -0.848587
259200.000000 -0.845934
259800.000000 -0.843294
260400.000000 -0.840669
261000.000000 -0.838057
261600.000000 -0.835458
262200.000000 -0.832872
262800.000000 -0.830300
263400.000000 -0.827741
264000.000000 -0.825195
264600.000000 -0.822662
265200.000000 -0.820142
265800.000000 -0.817635
266400.000000 -0.815140
267000.000000 -0.812658
267600.000000 -0.810188
268200.000000 -0.807731
268800.000000 -0.805287
269400.000000 -0.802854
270000.000000 -0.800434
270600.000000 -0.798025
271200.000000 -0.795629
271800.000000 -0.793245
272400.000000 -0.790872
273000.000000 -0.788512
273600.000000 -0.786163
274200.000000 -0.783825
274800.000000 -0.781499
275400.000000 -0.779185
276000.000000 -0.776881
276600.000000 -0.774590
277200.000000 -0.772309
277800.000000 -0.770039
278400.000000 -0.767781
279000.000000 -0.765533
279600.000000 -0.763297
280200.000000 -0.761071
280800.000000 -0.758856
281400.000000 -0.756651
282000.000000 -0.754458
282600.000000 -0.752274
283200.000000 -0.750102
283800.000000 -0.747939
284400.000000 -0.745787
285000.000000 -0.743646
285600.000000 -0.741514
286200.000000 -0.739393
286800.000000 -0.737281
287400.000000 -0.735180
288000.000000 -0.733088
288600.000000 -0.731007
289200.000000 -0.728935
289800.000000 -0.726873
290400.000000 -0.724821
291000.000000 -0.722778
291600.000000 -0.720744
292200.000000 -0.718721
292800.000000 -0.716706
293400.000000 -0.714701
294000.000000 -0.712706
294600.000000 -0.710719
295200.000000 -0.708742
295800.000000 -0.706774
296400.000000 -0.704815
297000.000000 -0.702865
297600.000000 -0.700923
298200.000000 -0.698991
298800.000000 -0.697068
299400.000000 -0.695153
300000.000000 -0.693247
300600.000000 -0.691350
301200.000000 -0.689461
301800.000000 -0.687581
302400.000000 -0.685710
303000.000000 -0.683846
303600.000000 -0.681992
304200.000000 -0.680145
304800.000000 -0.678307
305400.000000 -0.676477
306000.000000 -0.674656
306600.000000 -0.672842
307200.000000 -0.671037
307800.000000 -0.669239
308400.000000 -0.667450
309000.000000 -0.665668
309600.000000 -0.663894
310200.000000 -0.662129
310800.000000 -0.660371
311400.000000 -0.658620
312000.000000 -0.656878
312600.000000 -0.655143
313200.000000 -0.653416
313800.000000 -0.651696
314400.000000 -0.649983
315000.000000 -0.648279
315600.000000 -0.646581
316200.000000 -0.644891
316800.000000 -0.643209
317400.000000 -0.641533
318000.000000 -0.639865
318600.000000 -0.638204
319200.000000 -0.636550
319800.000000 -0.634904
320400.000000 -0.633264
321000.000000 -0.631631
321600.000000 -0.630006
322200.000000 -0.628387
322800.000000 -0.626775
323400.000000 -0.625170
324000.000000 -0.623572
324600.000000 -0.621981
325200.000000 -0.620396
325800.000000 -0.618818
326400.000000 -0.617247
327000.000000 -0.615682
327600.000000 -0.614124
328200.000000 -0.612573
328800.000000 -0.611028
329400.000000 -0.609489
330000.000000 -0.607957
330600.000000 -0.606432
331200.000000 -0.604912
331800.000000 -0.603399
332400.000000 -0.601892
333000.000000 -0.600392
333600.000000 -0.598898
334200.000000 -0.597409
334800.000000 -0.595927
335400.000000 -0.594452
336000.000000 -0.592982
336600.000000 -0.591518
337200.000000 -0.590060
337800.000000 -0.588608
338400.000000 -0.587162
339000.000000 -0.585722
339600.000000 -0.584288
340200.000000 -0.582860
340800.000000 -0.581437
341400.000000 -0.580021
342000.000000 -0.578609
342600.000000 -0.577204
343200.000000 -0.575804
343800.000000 -0.574410
344400.000000 -0.573022
345000.000000 -0.571639
345600.000000 -0.570262
346200.000000 -0.568890
346800.000000 -0.567524
347400.000000 -0.566163
348000.000000 -0.564807
348600.000000 -0.563457
349200.000000 -0.562112
349800.000000 -0.560773
350400.000000 -0.559439
351000.000000 -0.558110
351600.000000 -0.556786
352200.000000 -0.555468
352800.000000 -0.554155
353400.000000 -0.552847
354000.000000 -0.551544
354600.000000 -0.550246
355200.000000 -0.548953
355800.000000 -0.547666
356400.000000 -0.546383
357000.000000 -0.545105
357600.000000 -0.543832
358200.000000 -0.542565
358800.000000 -0.541302
359400.000000 -0.540044
360000.000000 -0.538790
360600.000000 -0.537542
361200.000000 -0.536299
361800.000000 -0.535060
362400.000000 -0.533826
363000.000000 -0.532596
363600.000000 -0.531372
364200.000000 -0.530152
364800.000000 -0.528937
365400.000000 -0.527726
366000.000000 -0.526520
366600.000000 -0.525318
367200.000000 -0.524122
367800.000000 -0.522929
368400.000000 -0.521741
369000.000000 -0.520558
369600.000000 -0.519379
370200.000000 -0.518204
370800.000000 -0.517034
371400.000000 -0.515869
372000.000000 -0.514707
372600.000000 -0.513550
373200.000000 -0.512398
373800.000000 -0.511249
374400.000000 -0.510105
375000.000000 -0.508965
375600.000000 -0.507830
376200.000000 -0.506698
376800.000000 -0.505571
377400.000000 -0.504448
378000.000000 -0.503329
378600.000000 -0.502214
379200.000000 -0.501103
379800.000000 -0.499997
380400.000000 -0.498894
381000.000000 -0.497796
381600.000000 -0.496701
382200.000000 -0.495611
382800.000000 -0.494524
383400.000000 -0.493442
384000.000000 -0.492363
384600.000000 -0.491288
385200.000000 -0.490217
385800.000000 -0.489150
386400.000000 -0.488087
387000.000000 -0.487028
387600.000000 -0.485973
388200.000000 -0.484921
388800.000000 -0.483873
389400.000000 -0.482829
390000.000000 -0.481789
390600.000000 -0.480752
391200.000000 -0.479719
391800.000000 -0.478690
392400.000000 -0.477664
393000.000000 -0.476642
393600.000000 -0.475624
394200.000000 -0.474609
394800.000000 -0.473598
395400.000000 -0.472591
396000.000000 -0.471587
396600.000000 -0.470587
397200.000000 -0.469590
397800.000000 -0.468596
398400.000000 -0.467606
399000.000000 -0.466620
399600.000000 -0.465637
400200.000000 -0.464658
400800.000000 -0.463681
401400.000000 -0.462709
402000.000000 -0.461740
402600.000000 -0.460774
403200.000000 -0.459811
403800.000000 -0.458852
404400.000000 -0.457896
405000.000000 -0.456943
405600.000000 -0.455994
406200.000000 -0.455048
406800.000000 -0.454105
407400.000000 -0.453166
408000.000000 -0.452230
408600.000000 -0.451296
409200.000000 -0.450367
409800.000000 -0.449440
410400.000000 -0.448516
411000.000000 -0.447596
411600.000000 -0.446679
412200.000000 -0.445765
412800.000000 -0.444854
413400.000000 -0.443946
414000.000000 -0.443041
414600.000000 -0.442139
415200.000000 -0.441241
415800.000000 -0.440345
416400.000000 -0.439452
417000.000000 -0.438563
417600.000000 -0.437676
418200.000000 -0.436792
418800.000000 -0.435912
419400.000000 -0.435034
420000.000000 -0.434159
420600.000000 -0.433287
421200.000000 -0.432418
421800.000000 -0.431552
422400.000000 -0.430689
423000.000000 -0.429829
423600.000000 -0.428971
424200.000000 -0.428116
424800.000000 -0.427265
425400.000000 -0.426416
426000.000000 -0.425569
426600.000000 -0.424726
427200.000000 -0.423885
427800.000000 -0.423048
428400.000000 -0.422212
429000.000000 -0.421380
429600.000000 -0.420550
430200.000000 -0.419724
430800.000000 -0.418899
431400.000000 -0.418078
432000.000000 -0.417259
432600.000000 -0.416443
433200.000000 -0.415629
433800.000000 -0.414818
434400.000000 -0.414010
435000.000000 -0.413204
435600.000000 -0.412401
436200.000000 -0.411601
436800.000000 -0.410803
437400.000000 -0.410008
438000.000000 -0.409215
438600.000000 -0.408425
439200.000000 -0.407637
439800.000000 -0.406852
440400.000000 -0.406069
441000.000000 -0.405289
441600.000000 -0.404512
442200.000000 -0.403737
442800.000000 -0.402964
443400.000000 -0.402194
444000.000000 -0.401426
444600.000000 -0.400661
445200.000000 -0.399898
445800.000000 -0.399137
446400.000000 -0.398379
447000.000000 -0.397623
447600.000000 -0.396870
448200.000000 -0.396119
448800.000000 -0.395371
449400.000000 -0.394624
450000.000000 -0.393881
450600.000000 -0.393139
451200.000000 -0.392400
451800.000000 -0.391663
452400.000000 -0.390928
453000.000000 -0.390196
453600.000000 -0.389466
454200.000000 -0.388738
454800.000000 -0.388013
455400.000000 -0.387289
456000.000000 -0.386568
456600.000000 -0.385849
457200.000000 -0.385133
457800.000000 -0.384419
458400.000000 -0.383706
459000.000000 -0.382996
459600.000000 -0.382289
460200.000000 -0.381583
460800.000000 -0.380880
461400.000000 -0.380178
462000.000000 -0.379479
462600.000000 -0.378782
463200.000000 -0.378087
463800.000000 -0.377395
464400.000000 -0.376704
465000.000000 -0.376015
465600.000000 -0.375329
466200.000000 -0.374645
466800.000000 -0.373962
467400.000000 -0.373282
468000.000000 -0.372604
468600.000000 -0.371928
469200.000000 -0.371254
469800.000000 -0.370582
470400.000000 -0.369912
471000.000000 -0.369244
471600.000000 -0.368578
472200.000000 -0.367914
472800.000000 -0.367252
473400.000000 -0.366591
474000.000000 -0.365933
474600.000000 -0.365277
475200.000000 -0.364623
475800.000000 -0.363971
476400.000000 -0.363321
477000.000000 -0.362672
477600.000000 -0.362026
478200.000000 -0.361381
478800.000000 -0.360739
479400.000000 -0.360098
480000.000000 -0.359459
480600.000000 -0.358822
481200.000000 -0.358187
481800.000000 -0.357554
482400.000000 -0.356923
483000.000000 -0.356294
483600.000000 -0.355666
484200.000000 -0.355040
484800.000000 -0.354416
485400.000000 -0.353794
486000.000000 -0.353174
486600.000000 -0.352555
487200.000000 -0.351939
487800.000000 -0.351324
488400.000000 -0.350711
489000.000000 -0.350099
489600.000000 -0.349490
490200.000000 -0.348882
490800.000000 -0.348276
491400.000000 -0.347672
492000.000000 -0.347069
492600.000000 -0.346468
493200.000000 -0.345869
493800.000000 -0.345272
494400.000000 -0.344676
495000.000000 -0.344082
495600.000000 -0.343490
496200.000000 -0.342900
496800.000000 -0.342311
497400.000000 -0.341724
498000.000000 -0.341138
498600.000000 -0.340554
499200.000000 -0.339972
499800.000000 -0.339392
500400.000000 -0.338813
501000.000000 -0.338236
501600.000000 -0.337660
502200.000000 -0.337086
502800.000000 -0.336514
503400.000000 -0.335943
504000.000000 -0.335374
504600.000000 -0.334806
505200.000000 -0.334240
505800.000000 -0.333676
506400.000000 -0.333113
507000.000000 -0.332552
507600.000000 -0.331993
508200.000000 -0.331435
508800.000000 -0.330878
509400.000000 -0.330323
510000.000000 -0.329770
510600.000000 -0.329218
511200.000000 -0.328668
511800.000000 -0.328119
512400.000000 -0.327572
513000.000000 -0.327026
513600.000000 -0.326482
514200.000000 -0.325939
514800.000000 -0.325398
515400.000000 -0.324859
516000.000000 -0.324320
516600.000000 -0.323784
517200.000000 -0.323248
517800.000000 -0.322715
518400.000000 -0.322182
519000.000000 -0.321652
519600.000000 -0.321122
520200.000000 -0.320594
520800.000000 -0.320068
521400.000000 -0.319543
522000.000000 -0.319019
522600.000000 -0.318497
523200.000000 -0.317976
523800.000000 -0.317457
524400.000000 -0.316939
525000.000000 -0.316422
525600.000000 -0.315907
526200.000000 -0.315393
526800.000000 -0.314881
527400.000000 -0.314370
528000.000000 -0.313860
528600.000000 -0.313352
529200.000000 -0.312845
529800.000000 -0.312340
530400.000000 -0.311836
531000.000000 -0.311333
531600.000000 -0.310831
532200.000000 -0.310331
532800.000000 -0.309833
533400.000000 -0.309335
534000.000000 -0.308839
534600.000000 -0.308344
535200.000000 -0.307851
535800.000000 -0.307359
536400.000000 -0.306868
537000.000000 -0.306378
537600.000000 -0.305890
538200.000000 -0.305403
538800.000000 -0.304918
539400.000000 -0.304433
540000.000000 -0.303950
540600.000000 -0.303468
541200.000000 -0.302988
541800.000000 -0.302509
542400.000000 -0.302031
543000.000000 -0.301554
543600.000000 -0.301078
544200.000000 -0.300604
544800.000000 -0.300131
545400.000000 -0.299659
546000.000000 -0.299189
546600.000000 -0.298720
547200.000000 -0.298252
547800.000000 -0.297785
548400.000000 -0.297319
549000.000000 -0.296855
549600.000000 -0.296391
550200.000000 -0.295929
550800.000000 -0.295469
551400.000000 -0.295009
552000.000000 -0.294550
552600.000000 -0.294093
553200.000000 -0.293637
553800.000000 -0.293182
554400.000000 -0.292729
555000.000000 -0.292276
555600.000000 -0.291825
556200.000000 -0.291374
556800.000000 -0.290925
557400.000000 -0.290477
558000.000000 -0.290031
558600.000000 -0.289585
559200.000000 -0.289140
559800.000000 -0.288697
560400.000000 -0.288255
561000.000000 -0.287814
561600.000000 -0.287374
562200.000000 -0.286935
562800.000000 -0.286497
563400.000000 -0.286060
564000.000000 -0.285625
564600.000000 -0.285191
565200.000000 -0.284757
565800.000000 -0.284325
566400.000000 -0.283894
567000.000000 -0.283464
567600.000000 -0.283035
568200.000000 -0.282607
568800.000000 -0.282180
569400.000000 -0.281754
570000.000000 -0.281330
570600.000000 -0.280906
571200.000000 -0.280484
571800.000000 -0.280062
572400.000000 -0.279642
573000.000000 -0.279222
573600.000000 -0.278804
574200.000000 -0.278387
574800.000000 -0.277970
575400.000000 -0.277555
576000.000000 -0.277141
576600.000000 -0.276728
577200.000000 -0.276316
577800.000000 -0.275904
578400.000000 -0.275494
579000.000000 -0.275085
579600.000000 -0.274677
580200.000000 -0.274270
580800.000000 -0.273864
581400.000000 -0.273459
582000.000000 -0.273055
582600.000000 -0.272652
583200.000000 -0.272250
583800.000000 -0.271849
584400.000000 -0.271449
585000.000000 -0.271049
585600.000000 -0.270651
586200.000000 -0.270254
586800.000000 -0.269858
587400.000000 -0.269463
588000.000000 -0.269068
588600.000000 -0.268675
589200.000000 -0.268283
589800.000000 -0.267891
590400.000000 -0.267501
591000.000000 -0.267111
591600.000000 -0.266723
592200.000000 -0.266335
592800.000000 -0.265948
593400.000000 -0.265563
594000.000000 -0.265178
594600.000000 -0.264794
595200.000000 -0.264411
595800.000000 -0.264029
596400.000000 -0.263648
597000.000000 -0.263267
597600.000000 -0.262888
598200.000000 -0.262510
598800.000000 -0.262132
599400.000000 -0.261756
600000.000000 -0.261380
600600.000000 -0.261005
601200.000000 -0.260631
601800.000000 -0.260258
602400.000000 -0.259886
603000.000000 -0.259515
603600.000000 -0.259145
604200.000000 -0.258775
604800.000000 -0.258406
605400.000000 -0.258039
606000.000000 -0.257672
606600.000000 -0.257306
607200.000000 -0.256941
607800.000000 -0.256577
608400.000000 -0.256213
609000.000000 -0.255851
609600.000000 -0.255489
610200.000000 -0.255128
610800.000000 -0.254768
611400.000000 -0.254409
612000.000000 -0.254051
612600.000000 -0.253693
613200.000000 -0.253336
613800.000000 -0.252981
614400.000000 -0.252626
615000.000000 -0.252272
615600.000000 -0.251918
616200.000000 -0.251566
616800.000000 -0.251214
617400.000000 -0.250863
618000.000000 -0.250513
618600.000000 -0.250164
619200.000000 -0.249816
619800.000000 -0.249468
620400.000000 -0.249121
621000.000000 -0.248775
621600.000000 -0.248430
622200.000000 -0.248086
622800.000000 -0.247742
623400.000000 -0.247399
624000.000000 -0.247057
624600.000000 -0.246716
625200.000000 -0.246376
625800.000000 -0.246036
626400.000000 -0.245697
627000.000000 -0.245359
627600.000000 -0.245022
628200.000000 -0.244685
628800.000000 -0.244349
629400.000000 -0.244014
630000.000000 -0.243680
630600.000000 -0.243346
631200.000000 -0.243014
631800.000000 -0.242682
632400.000000 -0.242350
633000.000000 -0.242020
633600.000000 -0.241690
634200.000000 -0.241361
634800.000000 -0.241033
635400.000000 -0.240705
636000.000000 -0.240379
636600.000000 -0.240053
637200.000000 -0.239727
637800.000000 -0.239403
638400.000000 -0.239079
639000.000000 -0.238756
639600.000000 -0.238434
640200.000000 -0.238112
640800.000000 -0.237791
641400.000000 -0.237471
642000.000000 -0.237151
642600.000000 -0.236833
643200.000000 -0.236515
643800.000000 -0.236197
644400.000000 -0.235881
645000.000000 -0.235565
645600.000000 -0.235249
646200.000000 -0.234935
646800.000000 -0.234621
647400.000000 -0.234308
648000.000000 -0.233996
648600.000000 -0.233684
649200.000000 -0.233373
649800.000000 -0.233062
650400.000000 -0.232753
651000.000000 -0.232444
651600.000000 -0.232136
652200.000000 -0.231828
652800.000000 -0.231521
653400.000000 -0.231215
654000.000000 -0.230909
654600.000000 -0.230604
655200.000000 -0.230300
655800.000000 -0.229996
656400.000000 -0.229693
657000.000000 -0.229391
657600.000000 -0.229090
658200.000000 -0.228789
658800.000000 -0.228488
659400.000000 -0.228189
660000.000000 -0.227890
660600.000000 -0.227592
661200.000000 -0.227294
661800.000000 -0.226997
662400.000000 -0.226701
663000.000000 -0.226405
663600.000000 -0.226110
664200.000000 -0.225815
664800.000000 -0.225521
665400.000000 -0.225228
666000.000000 -0.224936
666600.000000 -0.224644
667200.000000 -0.224353
667800.000000 -0.224062
668400.000000 -0.223772
669000.000000 -0.223483
669600.000000 -0.223194
670200.000000 -0.222906
670800.000000 -0.222618
671400.000000 -0.222331
672000.000000 -0.222045
672600.000000 -0.221759
673200.000000 -0.221474
673800.000000 -0.221190
674400.000000 -0.220906
675000.000000 -0.220623
675600.000000 -0.220340
676200.000000 -0.220058
676800.000000 -0.219777
677400.000000 -0.219496
678000.000000 -0.219215
678600.000000 -0.218936
679200.000000 -0.218657
679800.000000 -0.218378
680400.000000 -0.218100
681000.000000 -0.217823
681600.000000 -0.217546
682200.000000 -0.217270
682800.000000 -0.216995
683400.000000 -0.216720
684000.000000 -0.216446
684600.000000 -0.216172
685200.000000 -0.215899
685800.000000 -0.215626
686400.000000 -0.215354
687000.000000 -0.215082
687600.000000 -0.214811
688200.000000 -0.214541
688800.000000 -0.214271
689400.000000 -0.214002
690000.000000 -0.213733
690600.000000 -0.213465
691200.000000 -0.213198
691800.000000 -0.212931
692400.000000 -0.212664
693000.000000 -0.212399
693600.000000 -0.212133
694200.000000 -0.211868
694800.000000 -0.211604
695400.000000 -0.211341
696000.000000 -0.211077
696600.000000 -0.210815
697200.000000 -0.210553
697800.000000 -0.210291
698400.000000 -0.210030
699000.000000 -0.209770
699600.000000 -0.209510
700200.000000 -0.209251
700800.000000 -0.208992
701400.000000 -0.208734
702000.000000 -0.208476
702600.000000 -0.208219
703200.000000 -0.207962
703800.000000 -0.207706
704400.000000 -0.207450
705000.000000 -0.207195
705600.000000 -0.206941
706200.000000 -0.206687
706800.000000 -0.206433
707400.000000 -0.206180
708000.000000 -0.205928
708600.000000 -0.205676
709200.000000 -0.205424
709800.000000 -0.205173
710400.000000 -0.204923
711000.000000 -0.204673
711600.000000 -0.204423
712200.000000 -0.204174
712800.000000 -0.203926
713400.000000 -0.203678
714000.000000 -0.203431
714600.000000 -0.203184
715200.000000 -0.202937
715800.000000 -0.202691
716400.000000 -0.202446
717000.000000 -0.202201
717600.000000 -0.201956
718200.000000 -0.201713
718800.000000 -0.201469
719400.000000 -0.201226
720000.000000 -0.200984
720600.000000 -0.200742
721200.000000 -0.200500
721800.000000 -0.200259
722400.000000 -0.200019
723000.000000 -0.199778
723600.000000 -0.199539
724200.000000 -0.199300
724800.000000 -0.199061
725400.000000 -0.198823
726000.000000 -0.198585
726600.000000 -0.198348
727200.000000 -0.198111
727800.000000 -0.197875
728400.000000 -0.197639
729000.000000 -0.197404
729600.000000 -0.197169
730200.000000 -0.196935
730800.000000 -0.196701
731400.000000 -0.196467
732000.000000 -0.196234
732600.000000 -0.196002
733200.000000 -0.195770
733800.000000 -0.195538
734400.000000 -0.195307
735000.000000 -0.195076
735600.000000 -0.194846
736200.000000 -0.194616
736800.000000 -0.194387
737400.000000 -0.194158
738000.000000 -0.193929
738600.000000 -0.193701
739200.000000 -0.193474
739800.000000 -0.193246
740400.000000 -0.193020
741000.000000 -0.192794
741600.000000 -0.192568
742200.000000 -0.192342
742800.000000 -0.192117
743400.000000 -0.191893
744000.000000 -0.191669
744600.000000 -0.191445
745200.000000 -0.191222
745800.000000 -0.190999
746400.000000 -0.190777
747000.000000 -0.190555
747600.000000 -0.190334
748200.000000 -0.190113
748800.000000 -0.189892
749400.000000 -0.189672
750000.000000 -0.189452
750600.000000 -0.189233
751200.000000 -0.189014
751800.000000 -0.188796
752400.000000 -0.188577
753000.000000 -0.188360
753600.000000 -0.188143
754200.000000 -0.187926
754800.000000 -0.187709
755400.000000 -0.187493
756000.000000 -0.187278
756600.000000 -0.187063
757200.000000 -0.186848
757800.000000 -0.186634
758400.000000 -0.186420
759000.000000 -0.186206
759600.000000 -0.185993
760200.000000 -0.185780
760800.000000 -0.185568
761400.000000 -0.185356
762000.000000 -0.185145
762600.000000 -0.184934
763200.000000 -0.184723
763800.000000 -0.184513
764400.000000 -0.184303
765000.000000 -0.184093
765600.000000 -0.183884
766200.000000 -0.183676
766800.000000 -0.183467
767400.000000 -0.183259
768000.000000 -0.183052
768600.000000 -0.182845
769200.000000 -0.182638
769800.000000 -0.182432
770400.000000 -0.182226
771000.000000 -0.182020
771600.000000 -0.181815
772200.000000 -0.181610
772800.000000 -0.181406
773400.000000 -0.181202
774000.000000 -0.180998
774600.000000 -0.180795
775200.000000 -0.180592
775800.000000 -0.180389
776400.000000 -0.180187
777000.000000 -0.179986
777600.000000 -0.179784
778200.000000 -0.179583
778800.000000 -0.179383
779400.000000 -0.179182
780000.000000 -0.178982
780600.000000 -0.178783
781200.000000 -0.178584
781800.000000 -0.178385
782400.000000 -0.178187
783000.000000 -0.177989
783600.000000 -0.177791
784200.000000 -0.177594
784800.000000 -0.177397
785400.000000 -0.177200
786000.000000 -0.177004
786600.000000 -0.176808
787200.000000 -0.176612
787800.000000 -0.176417
788400.000000 -0.176223
789000.000000 -0.176028
789600.000000 -0.175834
790200.000000 -0.175640
790800.000000 -0.175447
791400.000000 -0.175254
792000.000000 -0.175061
792600.000000 -0.174869
793200.000000 -0.174677
793800.000000 -0.174486
794400.000000 -0.174294
795000.000000 -0.174103
795600.000000 -0.173913
796200.000000 -0.173723
796800.000000 -0.173533
797400.000000 -0.173343
798000.000000 -0.173154
798600.000000 -0.172965
799200.000000 -0.172777
799800.000000 -0.172589
800400.000000 -0.172401
801000.000000 -0.172214
801600.000000 -0.172027
802200.000000 -0.171840
802800.000000 -0.171653
803400.000000 -0.171467
804000.000000 -0.171281
804600.000000 -0.171096
805200.000000 -0.170911
805800.000000 -0.170726
806400.000000 -0.170542
807000.000000 -0.170358
807600.000000 -0.170174
808200.000000 -0.169990
808800.000000 -0.169807
809400.000000 -0.169625
810000.000000 -0.169442
810600.000000 -0.169260
811200.000000 -0.169078
811800.000000 -0.168897
812400.000000 -0.168716
813000.000000 -0.168535
813600.000000 -0.168354
814200.000000 -0.168174
814800.000000 -0.167994
815400.000000 -0.167815
816000.000000 -0.167636
816600.000000 -0.167457
817200.000000 -0.167278
817800.000000 -0.167100
818400.000000 -0.166922
819000.000000 -0.166744
819600.000000 -0.166567
820200.000000 -0.166390
820800.000000 -0.166213
821400.000000 -0.166037
822000.000000 -0.165861
822600.000000 -0.165685
823200.000000 -0.165510
823800.000000 -0.165334
824400.000000 -0.165160
825000.000000 -0.164985
825600.000000 -0.164811
826200.000000 -0.164637
826800.000000 -0.164463
827400.000000 -0.164290
828000.000000 -0.164117
828600.000000 -0.163944
829200.000000 -0.163772
829800.000000 -0.163600
830400.000000 -0.163428
831000.000000 -0.163257
831600.000000 -0.163086
832200.000000 -0.162915
832800.000000 -0.162744
833400.000000 -0.162574
834000.000000 -0.162404
834600.000000 -0.162234
835200.000000 -0.162065
835800.000000 -0.161896
836400.000000 -0.161727
837000.000000 -0.161558
837600.000000 -0.161390
838200.000000 -0.161222
838800.000000 -0.161054
839400.000000 -0.160887
840000.000000 -0.160720
840600.000000 -0.160553
841200.000000 -0.160387
841800.000000 -0.160221
842400.000000 -0.160055
843000.000000 -0.159889
843600.000000 -0.159724
844200.000000 -0.159559
844800.000000 -0.159394
845400.000000 -0.159229
846000.000000 -0.159065
846600.000000 -0.158901
847200.000000 -0.158738
847800.000000 -0.158574
848400.000000 -0.158411
849000.000000 -0.158248
849600.000000 -0.158086
850200.000000 -0.157924
850800.000000 -0.157762
851400.000000 -0.157600
852000.000000 -0.157439
852600.000000 -0.157277
853200.000000 -0.157117
853800.000000 -0.156956
854400.000000 -0.156796
855000.000000 -0.156636
855600.000000 -0.156476
856200.000000 -0.156316
856800.000000 -0.156157
857400.000000 -0.155998
858000.000000 -0.155839
858600.000000 -0.155681
859200.000000 -0.155523
859800.000000 -0.155365
860400.000000 -0.155207
861000.000000 -0.155050
861600.000000 -0.154893
862200.000000 -0.154736
862800.000000 -0.154579
863400.000000 -0.154423
