0  0.0000000
600  0.0000000
1200  0.0004242
1800  0.0525063
2400  0.8767469
3.000000e+03  5.4465408
3.600000e+03  19.3705657
4200  48.8355041
4800  98.1780865
5400  168.8046729
6000  259.4345015
6600  366.9625979
7200  487.3789842
7800  616.4849499
8.400000e+03  750.3536306
9000  885.5747074
9600  1019.3470309
10200  1149.4769223
10800  1274.3250719
11400  1392.7305090
12000  1503.9289278
12600  1607.4749308
13200  1703.1728040
13800  1791.0174748
14400  1871.1456461
15000  1943.7962589
15600  2009.2790843
16200  2067.9501693
1.680000e+04  2120.1929262
1.740000e+04  2166.4037897
18000  2206.9815209
18600  2242.3193882
19200  2272.7995970
19800  2298.7894589
20400  2320.6388945
21000  2338.6789481
2.160000e+04  2353.2210609
2.220000e+04  2364.5569048
2.280000e+04  2372.9586236
2.340000e+04  2378.6793635
24000  2381.9540009
2.460000e+04  2383.0000000
2.520000e+04  2382.0183462
25800  2379.1945186
2.640000e+04  2374.6994708
27000  2368.6906009
2.760000e+04  2361.3126949
28200  2352.6988339
2.880000e+04  2342.9712589
2.940000e+04  2332.2421882
3.000000e+04  2320.6145871
3.060000e+04  2308.1828874
31200  2295.0336597
3.180000e+04  2281.2462375
32400  2266.8932964
3.300000e+04  2252.0413903
3.360000e+04  2236.7514459
3.420000e+04  2221.0792206
3.480000e+04  2205.0757224
3.540000e+04  2188.7875978
3.600000e+04  2172.2574884
36600  2155.5243584
3.720000e+04  2138.6237955
37800  2121.5882877
3.840000e+04  2104.4474770
3.900000e+04  2087.2283926
3.960000e+04  2069.9556646
4.020000e+04  2052.6517207
4.080000e+04  2035.3369659
4.140000e+04  2018.0299484
42000  2000.7475112
4.260000e+04  1983.5049311
43200  1966.3160471
4.380000e+04  1949.1933774
4.440000e+04  1932.1482277
4.500000e+04  1915.1907896
45600  1898.3302321
4.620000e+04  1881.5747850
4.680000e+04  1864.9318156
4.740000e+04  1848.4078992
48000  1832.0088843
48600  1815.7399521
49200  1799.6056711
4.980000e+04  1783.6100479
5.040000e+04  1767.7565738
51000  1752.0482667
51600  1736.4877114
52200  1721.0770951
5.280000e+04  1705.8182411
5.340000e+04  1690.7126392
54000  1675.7614742
54600  1660.9656519
5.520000e+04  1646.3258229
5.580000e+04  1631.8424048
56400  1617.5156025
57000  1603.3454271
57600  1589.3317132
5.820000e+04  1575.4741344
5.880000e+04  1561.7722185
59400  1548.2253609
60000  1534.8328369
6.060000e+04  1521.5938132
6.120000e+04  1508.5073587
61800  1495.5724542
62400  1482.7880012
63000  1470.1528305
6.360000e+04  1457.6657095
6.420000e+04  1445.3253494
64800  1433.1304118
65400  1421.0795143
6.600000e+04  1409.1712364
6.660000e+04  1397.4041244
6.720000e+04  1385.7766957
67800  1374.2874437
68400  1362.9348411
6.900000e+04  1351.7173439
6.960000e+04  1340.6333947
70200  1329.6814254
70800  1318.8598603
7.140000e+04  1308.1671186
7.200000e+04  1297.6016165
7.260000e+04  1287.1617696
73200  1276.8459948
73800  1266.6527118
7.440000e+04  1256.5803452
7.500000e+04  1246.6273254
75600  1236.7920905
76200  1227.0730871
7.680000e+04  1217.4687715
7.740000e+04  1207.9776108
7.800000e+04  1198.5980836
78600  1189.3286811
79200  1180.1679073
7.980000e+04  1171.1142803
8.040000e+04  1162.1663322
81000  1153.3226102
81600  1144.5816765
8.220000e+04  1135.9421091
8.280000e+04  1127.4025018
8.340000e+04  1118.9614649
84000  1110.6176248
84600  1102.3696249
8.520000e+04  1094.2161253
8.580000e+04  1086.1558029
86400  1078.1873520
87000  1070.3094836
8.760000e+04  1062.5209261
8.820000e+04  1054.8204251
8.880000e+04  1047.2067430
8.940000e+04  1039.6786597
9.000000e+04  1032.2349721
90600  1024.8744938
91200  1017.5960558
91800  1010.3985054
92400  1003.2807070
9.300000e+04  996.2415416
9.360000e+04  989.2799064
9.420000e+04  982.3947151
9.480000e+04  975.5848976
9.540000e+04  968.8493998
96000  962.1871835
96600  955.5972262
97200  949.0785209
97800  942.6300759
98400  936.2509147
99000  929.9400760
99600  923.6966131
1.002000e+05  917.5195939
1.008000e+05  911.4081008
1.014000e+05  905.3612304
102000  899.3780934
102600  893.4578143
103200  887.5995314
103800  881.8023961
104400  876.0655734
105000  870.3882413
1.056000e+05  864.7695907
1.062000e+05  859.2088249
1.068000e+05  853.7051602
107400  848.2578247
108000  842.8660590
108600  837.5291154
109200  832.2462580
109800  827.0167624
110400  821.8399157
1.110000e+05  816.7150161
1.116000e+05  811.6413728
1.122000e+05  806.6183059
112800  801.6451460
113400  796.7212344
114000  791.8459224
114600  787.0185719
115200  782.2385543
115800  777.5052511
1.164000e+05  772.8180534
1.170000e+05  768.1763616
1.176000e+05  763.5795856
118200  759.0271445
118800  754.5184664
119400  750.0529880
120000  745.6301551
120600  741.2494218
121200  736.9102508
1.218000e+05  732.6121129
1.224000e+05  728.3544872
1.230000e+05  724.1368607
123600  719.9587283
124200  715.8195926
124800  711.7189639
125400  707.6563599
126000  703.6313055
126600  699.6433332
1.272000e+05  695.6919822
1.278000e+05  691.7767989
1.284000e+05  687.8973364
129000  684.0531548
129600  680.2438206
130200  676.4689068
130800  672.7279929
131400  669.0206647
132000  665.3465142
1.326000e+05  661.7051394
1.332000e+05  658.0961443
1.338000e+05  654.5191388
1.344000e+05  650.9737385
135000  647.4595649
135600  643.9762449
136200  640.5234109
136800  637.1007007
137400  633.7077574
1.380000e+05  630.3442294
1.386000e+05  627.0097701
1.392000e+05  623.7040382
1.398000e+05  620.4266970
140400  617.1774149
141000  613.9558650
141600  610.7617252
142200  607.5946780
142800  604.4544105
1.434000e+05  601.3406141
1.440000e+05  598.2529847
1.446000e+05  595.1912228
1.452000e+05  592.1550328
145800  589.1441233
146400  586.1582074
147000  583.1970018
147600  580.2602274
148200  577.3476091
1.488000e+05  574.4588755
1.494000e+05  571.5937591
1.500000e+05  568.7519961
1.506000e+05  565.9333263
151200  563.1374933
151800  560.3642440
152400  557.6133289
153000  554.8845021
153600  552.1775209
1.542000e+05  549.4921459
1.548000e+05  546.8281412
1.554000e+05  544.1852738
1.560000e+05  541.5633141
156600  538.9620356
157200  536.3812149
157800  533.8206313
158400  531.2800676
159000  528.7593091
1.596000e+05  526.2581442
1.602000e+05  523.7763640
1.608000e+05  521.3137624
1.614000e+05  518.8701363
162000  516.4452848
162600  514.0390103
163200  511.6511172
163800  509.2814128
164400  506.9297070
1.650000e+05  504.5958119
1.656000e+05  502.2795424
1.662000e+05  499.9807156
1.668000e+05  497.6991511
167400  495.4346707
168000  493.1870985
168600  490.9562612
169200  488.7419874
169800  486.5441080
1.704000e+05  484.3624560
1.710000e+05  482.1968668
1.716000e+05  480.0471776
1.722000e+05  477.9132279
1.728000e+05  475.7948590
173400  473.6919144
1.740000e+05  471.6042396
174600  469.5316819
175200  467.4740907
1.758000e+05  465.4313171
176400  463.4032141
1.770000e+05  461.3896368
177600  459.3904418
1.782000e+05  457.4054876
178800  455.4346343
1.794000e+05  453.4777441
180000  451.5346806
180600  449.6053091
1.812000e+05  447.6894966
181800  445.7871118
1.824000e+05  443.8980250
183000  442.0221079
1.836000e+05  440.1592339
184200  438.3092781
1.848000e+05  436.4721167
185400  434.6476278
186000  432.8356908
1.866000e+05  431.0361865
187200  429.2489971
1.878000e+05  427.4740065
188400  425.7110996
1.890000e+05  423.9601630
189600  422.2210843
1.902000e+05  420.4937528
190800  418.7780589
191400  417.0738944
1.920000e+05  415.3811521
192600  413.6997265
1.932000e+05  412.0295129
193800  410.3704082
1.944000e+05  408.7223102
195000  407.0851180
1.956000e+05  405.4587320
196200  403.8430536
196800  402.2379853
197400  400.6434309
198000  399.0592951
198600  397.4854839
199200  395.9219043
199800  394.3684642
200400  392.8250728
201000  391.2916401
201600  389.7680774
202200  388.2542967
202800  386.7502112
203400  385.2557350
204000  383.7707831
204600  382.2952717
205200  380.8291176
205800  379.3722388
206400  377.9245541
207000  376.4859831
207600  375.0564465
208200  373.6358657
208800  372.2241632
209400  370.8212620
210000  369.4270862
210600  368.0415607
211200  366.6646112
211800  365.2961641
212400  363.9361469
213000  362.5844875
213600  361.2411149
214200  359.9059586
214800  358.5789492
215400  357.2600176
216000  355.9490959
216600  354.6461166
217200  353.3510130
217800  352.0637193
218400  350.7841701
219000  349.5123009
219600  348.2480479
220200  346.9913477
220800  345.7421379
221400  344.5003567
222000  343.2659427
222600  342.0388354
223200  340.8189748
223800  339.6063017
224400  338.4007573
225000  337.2022835
225600  336.0108228
226200  334.8263183
226800  333.6487137
227400  332.4779532
228000  331.3139818
228600  330.1567447
229200  329.0061880
229800  327.8622582
230400  326.7249023
231000  325.5940679
231600  324.4697032
232200  323.3517568
232800  322.2401779
233400  321.1349161
234000  320.0359217
234600  318.9431453
235200  317.8565382
235800  316.7760519
236400  315.7016387
237000  314.6332512
237600  313.5708424
238200  312.5143660
238800  311.4637759
239400  310.4190267
240000  309.3800733
240600  308.3468710
241200  307.3193756
241800  306.2975434
242400  305.2813310
243000  304.2706956
243600  303.2655947
244200  302.2659860
244800  301.2718281
245400  300.2830796
246000  299.2996996
246600  298.3216477
247200  297.3488838
247800  296.3813681
248400  295.4190613
249000  294.4619246
249600  293.5099193
250200  292.5630071
250800  291.6211503
251400  290.6843114
252000  289.7524531
252600  288.8255388
253200  287.9035320
253800  286.9863966
254400  286.0740968
255000  285.1665972
255600  284.2638628
256200  283.3658587
256800  282.4725504
257400  281.5839040
258000  280.6998855
258600  279.8204616
259200  278.9455989
259800  278.0752646
260400  277.2094262
261000  276.3480513
261600  275.4911080
262200  274.6385646
262800  273.7903896
263400  272.9465520
264000  272.1070210
264600  271.2717659
265200  270.4407566
265800  269.6139629
266400  268.7913552
267000  267.9729041
267600  267.1585802
268200  266.3483546
268800  265.5421988
269400  264.7400842
270000  263.9419827
270600  263.1478664
271200  262.3577076
271800  261.5714788
272400  260.7891529
273000  260.0107030
273600  259.2361023
274200  258.4653244
274800  257.6983429
275400  256.9351320
276000  256.1756659
276600  255.4199189
277200  254.6678657
277800  253.9194813
278400  253.1747407
279000  252.4336193
279600  251.6960925
280200  250.9621362
280800  250.2317263
281400  249.5048389
282000  248.7814504
282600  248.0615374
283200  247.3450766
283800  246.6320450
284400  245.9224198
285000  245.2161783
285600  244.5132981
286200  243.8137569
286800  243.1175327
287400  242.4246035
288000  241.7349477
288600  241.0485437
289200  240.3653702
289800  239.6854060
290400  239.0086302
291000  238.3350219
291600  237.6645606
292200  236.9972257
292800  236.3329969
293400  235.6718542
294000  235.0137776
294600  234.3587473
295200  233.7067436
295800  233.0577471
296400  232.4117385
297000  231.7686986
297600  231.1286084
298200  230.4914492
298800  229.8572021
299400  229.2258488
300000  228.5973708
300600  227.9717498
301200  227.3489679
301800  226.7290070
302400  226.1118493
303000  225.4974773
303600  224.8858734
304200  224.2770202
304800  223.6709005
305400  223.0674973
306000  222.4667935
306600  221.8687724
307200  221.2734173
307800  220.6807116
308400  220.0906389
309000  219.5031829
309600  218.9183274
310200  218.3360565
310800  217.7563542
311400  217.1792047
312000  216.6045924
312600  216.0325018
313200  215.4629173
313800  214.8958238
314400  214.3312061
315000  213.7690491
315600  213.2093378
316200  212.6520575
316800  212.0971934
317400  211.5447310
318000  210.9946557
318600  210.4469533
319200  209.9016093
319800  209.3586098
320400  208.8179406
321000  208.2795879
321600  207.7435377
322200  207.2097764
322800  206.6782903
323400  206.1490660
324000  205.6220900
324600  205.0973491
325200  204.5748299
325800  204.0545195
326400  203.5364048
327000  203.0204729
327600  202.5067109
328200  201.9951062
328800  201.4856462
329400  200.9783182
330000  200.4731099
330600  199.9700090
331200  199.4690032
331800  198.9700802
332400  198.4732282
333000  197.9784350
333600  197.4856888
334200  196.9949778
334800  196.5062903
335400  196.0196146
336000  195.5349393
336600  195.0522528
337200  194.5715437
337800  194.0928009
338400  193.6160130
339000  193.1411689
339600  192.6682577
340200  192.1972683
340800  191.7281898
341400  191.2610115
342000  190.7957226
342600  190.3323125
343200  189.8707705
343800  189.4110862
344400  188.9532492
345000  188.4972492
345600  188.0430757
3.462000e+05  187.5907187
3.468000e+05  187.1401681
347400  186.6914137
348000  186.2444456
3.486000e+05  185.7992538
3.492000e+05  185.3558286
349800  184.9141601
350400  184.4742387
351000  184.0360547
3.516000e+05  183.5995985
3.522000e+05  183.1648607
352800  182.7318318
353400  182.3005025
3.540000e+05  181.8708634
3.546000e+05  181.4429054
355200  181.0166192
355800  180.5919957
356400  180.1690259
3.570000e+05  179.7477009
3.576000e+05  179.3280117
358200  178.9099494
358800  178.4935052
3.594000e+05  178.0786705
3.600000e+05  177.6654365
360600  177.2537947
361200  176.8437364
361800  176.4352532
3.624000e+05  176.0283367
3.630000e+05  175.6229784
363600  175.2191701
364200  174.8169035
3.648000e+05  174.4161704
3.654000e+05  174.0169625
366000  173.6192719
366600  173.2230905
367200  172.8284103
3.678000e+05  172.4352233
3.684000e+05  172.0435218
369000  171.6532978
369600  171.2645436
3.702000e+05  170.8772514
3.708000e+05  170.4914137
371400  170.1070227
372000  169.7240709
372600  169.3425509
3.732000e+05  168.9624551
3.738000e+05  168.5837761
374400  168.2065065
375000  167.8306391
3.756000e+05  167.4561665
3.762000e+05  167.0830816
376800  166.7113772
377400  166.3410461
378000  165.9720813
3.786000e+05  165.6044757
3.792000e+05  165.2382224
379800  164.8733144
380400  164.5097449
3.810000e+05  164.1475069
3.816000e+05  163.7865937
382200  163.4269985
382800  163.0687146
383400  162.7117353
3.840000e+05  162.3560540
3.846000e+05  162.0016642
385200  161.6485592
385800  161.2967326
3.864000e+05  160.9461780
3.870000e+05  160.5968888
387600  160.2488588
388200  159.9020816
388800  159.5565509
3.894000e+05  159.2122604
3.900000e+05  158.8692041
390600  158.5273755
391200  158.1867688
3.918000e+05  157.8473777
3.924000e+05  157.5091962
393000  157.1722183
393600  156.8364380
394200  156.5018493
394800  156.1684465
395400  155.8362235
396000  155.5051747
396600  155.1752941
397200  154.8465761
397800  154.5190149
398400  154.1926048
399000  153.8673402
399600  153.5432156
400200  153.2202252
400800  152.8983636
401400  152.5776253
402000  152.2580049
402600  151.9394967
403200  151.6220956
403800  151.3057960
404400  150.9905927
405000  150.6764804
405600  150.3634537
406200  150.0515075
406800  149.7406366
407400  149.4308357
408000  149.1220998
408600  148.8144237
409200  148.5078024
409800  148.2022307
410400  147.8977038
411000  147.5942166
411600  147.2917641
412200  146.9903414
412800  146.6899437
413400  146.3905661
414000  146.0922037
414600  145.7948518
415200  145.4985055
415800  145.2031601
416400  144.9088109
417000  144.6154532
417600  144.3230824
418200  144.0316937
418800  143.7412827
419400  143.4518447
420000  143.1633752
420600  142.8758696
421200  142.5893235
421800  142.3037324
422400  142.0190918
423000  141.7353974
423600  141.4526447
424200  141.1708294
424800  140.8899471
425400  140.6099936
426000  140.3309645
426600  140.0528556
427200  139.7756626
427800  139.4993814
428400  139.2240077
429000  138.9495374
429600  138.6759664
430200  138.4032905
430800  138.1315057
431400  137.8606078
432000  137.5905929
432600  137.3214570
4.332000e+05  137.0531959
433800  136.7858058
434400  136.5192828
435000  136.2536228
435600  135.9888221
4.362000e+05  135.7248766
436800  135.4617826
437400  135.1995362
438000  134.9381337
4.386000e+05  134.6775711
439200  134.4178448
439800  134.1589511
440400  133.9008861
441000  133.6436461
4.416000e+05  133.3872276
442200  133.1316268
442800  132.8768401
443400  132.6228638
4.440000e+05  132.3696945
444600  132.1173284
445200  131.8657621
445800  131.6149919
446400  131.3650145
4.470000e+05  131.1158262
447600  130.8674236
448200  130.6198033
448800  130.3729618
4.494000e+05  130.1268956
450000  129.8816015
450600  129.6370759
451200  129.3933156
451800  129.1503172
4.524000e+05  128.9080774
453000  128.6665928
453600  128.4258602
454200  128.1858764
4.548000e+05  127.9466379
455400  127.7081417
456000  127.4703846
456600  127.2333632
457200  126.9970744
4.578000e+05  126.7615152
458400  126.5266822
459000  126.2925725
459600  126.0591828
4.602000e+05  125.8265102
460800  125.5945514
461400  125.3633036
462000  125.1327635
462600  124.9029283
4.632000e+05  124.6737948
463800  124.4453602
464400  124.2176213
465000  123.9905753
4.656000e+05  123.7642193
466200  123.5385502
466800  123.3135652
467400  123.0892614
468000  122.8656358
4.686000e+05  122.6426858
469200  122.4204083
469800  122.1988005
470400  121.9778597
4.710000e+05  121.7575831
471600  121.5379678
472200  121.3190110
472800  121.1007101
473400  120.8830623
4.740000e+05  120.6660648
474600  120.4497149
475200  120.2340100
475800  120.0189473
4.764000e+05  119.8045242
477000  119.5907380
477600  119.3775861
478200  119.1650658
478800  118.9531746
479400  118.7419099
480000  118.5312689
480600  118.3212493
481200  118.1118483
4.818000e+05  117.9030636
482400  117.6948925
483000  117.4873325
483600  117.2803811
484200  117.0740358
484800  116.8682942
485400  116.6631538
486000  116.4586121
486600  116.2546667
4.872000e+05  116.0513152
487800  115.8485550
488400  115.6463840
489000  115.4447995
489600  115.2437994
490200  115.0433812
490800  114.8435425
491400  114.6442810
492000  114.4455944
4.926000e+05  114.2474804
493200  114.0499367
493800  113.8529609
494400  113.6565508
495000  113.4607041
495600  113.2654186
496200  113.0706920
496800  112.8765221
497400  112.6829067
4.980000e+05  112.4898435
498600  112.2973304
499200  112.1053651
499800  111.9139455
500400  111.7230695
501000  111.5327348
501600  111.3429393
502200  111.1536809
502800  110.9649574
5.034000e+05  110.7767668
504000  110.5891070
504600  110.4019758
505200  110.2153712
505800  110.0292911
506400  109.8437334
507000  109.6586962
507600  109.4741773
508200  109.2901747
5.088000e+05  109.1066864
509400  108.9237105
510000  108.7412448
510600  108.5592875
511200  108.3778365
511800  108.1968899
512400  108.0164457
513000  107.8365020
513600  107.6570568
5.142000e+05  107.4781082
514800  107.2996542
515400  107.1216931
516000  106.9442228
516600  106.7672415
517200  106.5907472
517800  106.4147382
518400  106.2392126
519000  106.0641685
5.196000e+05  105.8896040
5.202000e+05  105.7155173
520800  105.5419067
521400  105.3687702
522000  105.1961060
522600  105.0239125
523200  104.8521877
523800  104.6809299
524400  104.5101374
5.250000e+05  104.3398083
5.256000e+05  104.1699408
526200  104.0005334
526800  103.8315841
527400  103.6630913
528000  103.4950533
528600  103.3274683
529200  103.1603347
529800  102.9936507
5.304000e+05  102.8274146
5.310000e+05  102.6616248
531600  102.4962796
532200  102.3313773
532800  102.1669162
533400  102.0028948
534000  101.8393114
534600  101.6761643
535200  101.5134519
5.358000e+05  101.3511726
5.364000e+05  101.1893249
537000  101.0279069
537600  100.8669173
538200  100.7063544
538800  100.5462166
539400  100.3865024
540000  100.2272101
540600  100.0683382
5.412000e+05  99.9098853
5.418000e+05  99.7518496
542400  99.5942298
543000  99.4370242
543600  99.2802314
544200  99.1238498
544800  98.9678780
545400  98.8123143
546000  98.6571574
5.466000e+05  98.5024058
5.472000e+05  98.3480579
547800  98.1941123
548400  98.0405675
549000  97.8874222
549600  97.7346747
550200  97.5823237
550800  97.4303678
551400  97.2788054
5.520000e+05  97.1276353
5.526000e+05  96.9768559
553200  96.8264659
553800  96.6764638
554400  96.5268483
555000  96.3776179
555600  96.2287713
556200  96.0803071
556800  95.9322240
5.574000e+05  95.7845204
5.580000e+05  95.6371952
558600  95.4902469
559200  95.3436743
559800  95.1974758
560400  95.0516503
561000  94.9061964
561600  94.7611127
562200  94.6163980
5.628000e+05  94.4720510
5.634000e+05  94.3280703
564000  94.1844546
564600  94.0412026
565200  93.8983131
565800  93.7557848
566400  93.6136163
567000  93.4718065
567600  93.3303541
5.682000e+05  93.1892578
5.688000e+05  93.0485163
569400  92.9081284
570000  92.7680929
570600  92.6284085
571200  92.4890740
571800  92.3500882
572400  92.2114498
573000  92.0731577
5.736000e+05  91.9352106
5.742000e+05  91.7976073
574800  91.6603467
575400  91.5234275
576000  91.3868486
576600  91.2506087
577200  91.1147067
577800  90.9791415
578400  90.8439118
5.790000e+05  90.7090165
5.796000e+05  90.5744544
580200  90.4402244
580800  90.3063254
581400  90.1727562
582000  90.0395156
582600  89.9066026
583200  89.7740160
583800  89.6417547
5.844000e+05  89.5098176
5.850000e+05  89.3782036
585600  89.2469115
586200  89.1159403
586800  88.9852888
587400  88.8549560
588000  88.7249408
588600  88.5952422
589200  88.4658589
5.898000e+05  88.3367900
5.904000e+05  88.2080344
591000  88.0795910
591600  87.9514588
592200  87.8236368
592800  87.6961237
593400  87.5689188
594000  87.4420207
594600  87.3154287
5.952000e+05  87.1891416
5.958000e+05  87.0631583
596400  86.9374779
597000  86.8120994
597600  86.6870217
598200  86.5622439
598800  86.4377649
599400  86.3135836
600000  86.1896993
6.006000e+05  86.0661107
6.012000e+05  85.9428171
601800  85.8198173
602400  85.6971103
603000  85.5746953
603600  85.4525713
604200  85.3307372
604800  85.2091921
605400  85.0879351
6.060000e+05  84.9669652
6.066000e+05  84.8462814
607200  84.7258829
607800  84.6057686
608400  84.4859376
609000  84.3663891
609600  84.2471219
610200  84.1281354
610800  84.0094284
6.114000e+05  83.8910002
6.120000e+05  83.7728497
612600  83.6549761
613200  83.5373785
613800  83.4200559
614400  83.3030075
615000  83.1862323
615600  83.0697295
616200  82.9534983
6.168000e+05  82.8375376
6.174000e+05  82.7218466
618000  82.6064245
618600  82.4912704
619200  82.3763833
619800  82.2617625
620400  82.1474071
621000  82.0333162
621600  81.9194889
6.222000e+05  81.8059245
6.228000e+05  81.6926220
623400  81.5795806
624000  81.4667995
624600  81.3542779
625200  81.2420148
625800  81.1300096
626400  81.0182612
627000  80.9067690
6.276000e+05  80.7955321
6.282000e+05  80.6845497
628800  80.5738209
629400  80.4633451
630000  80.3531212
630600  80.2431486
631200  80.1334265
631800  80.0239540
632400  79.9147304
6.330000e+05  79.8057548
6.336000e+05  79.6970265
634200  79.5885447
634800  79.4803087
635400  79.3723175
636000  79.2645705
636600  79.1570670
637200  79.0498060
637800  78.9427869
6.384000e+05  78.8360089
6.390000e+05  78.7294712
639600  78.6231731
640200  78.5171138
640800  78.4112926
641400  78.3057087
642000  78.2003614
642600  78.0952500
643200  77.9903736
6.438000e+05  77.8857317
6.444000e+05  77.7813233
645000  77.6771479
645600  77.5732047
646200  77.4694929
646800  77.3660119
647400  77.2627608
648000  77.1597391
648600  77.0569460
6.492000e+05  76.9543808
6.498000e+05  76.8520427
650400  76.7499312
651000  76.6480454
651600  76.5463846
652200  76.4449483
652800  76.3437356
653400  76.2427460
654000  76.1419787
6.546000e+05  76.0414330
6.552000e+05  75.9411082
655800  75.8410037
656400  75.7411188
657000  75.6414529
657600  75.5420052
658200  75.4427750
658800  75.3437618
659400  75.2449648
6.600000e+05  75.1463835
6.606000e+05  75.0480170
661200  74.9498649
661800  74.8519264
662400  74.7542008
663000  74.6566876
663600  74.5593861
664200  74.4622956
664800  74.3654155
6.654000e+05  74.2687452
6.660000e+05  74.1722840
666600  74.0760313
667200  73.9799865
667800  73.8841489
668400  73.7885180
669000  73.6930930
669600  73.5978734
670200  73.5028586
6.708000e+05  73.4080479
671400  73.3134407
672000  73.2190365
672600  73.1248345
673200  73.0308343
673800  72.9370352
674400  72.8434365
675000  72.7500378
675600  72.6568383
6.762000e+05  72.5638376
676800  72.4710349
677400  72.3784298
678000  72.2860217
678600  72.1938099
679200  72.1017938
679800  72.0099729
680400  71.9183467
681000  71.8269145
6.816000e+05  71.7356757
682200  71.6446298
682800  71.5537763
683400  71.4631144
684000  71.3726438
684600  71.2823638
685200  71.1922738
685800  71.1023733
686400  71.0126618
6.870000e+05  70.9231387
687600  70.8338033
688200  70.7446553
688800  70.6556940
689400  70.5669189
690000  70.4783294
690600  70.3899250
691200  70.3017052
691800  70.2136694
6.924000e+05  70.1258171
6.930000e+05  70.0381477
6.936000e+05  69.9506607
6.942000e+05  69.8633557
694800  69.7762319
695400  69.6892890
696000  69.6025264
696600  69.5159436
697200  69.4295401
6.978000e+05  69.3433153
6.984000e+05  69.2572687
6.990000e+05  69.1713998
6.996000e+05  69.0857081
700200  69.0001931
700800  68.9148543
701400  68.8296911
702000  68.7447031
702600  68.6598898
7.032000e+05  68.5752506
7.038000e+05  68.4907851
7.044000e+05  68.4064928
7.050000e+05  68.3223731
705600  68.2384255
706200  68.1546497
706800  68.0710450
707400  67.9876110
708000  67.9043473
7.086000e+05  67.8212532
7.092000e+05  67.7383284
7.098000e+05  67.6555724
7.104000e+05  67.5729846
711000  67.4905646
711600  67.4083120
712200  67.3262262
712800  67.2443068
713400  67.1625532
7.140000e+05  67.0809652
7.146000e+05  66.9995420
7.152000e+05  66.9182834
7.158000e+05  66.8371888
716400  66.7562578
717000  66.6754899
717600  66.5948846
718200  66.5144416
718800  66.4341602
7.194000e+05  66.3540402
7.200000e+05  66.2740810
7.206000e+05  66.1942821
7.212000e+05  66.1146432
721800  66.0351638
722400  65.9558433
723000  65.8766815
723600  65.7976779
724200  65.7188319
7.248000e+05  65.6401432
7.254000e+05  65.5616113
7.260000e+05  65.4832358
7.266000e+05  65.4050162
727200  65.3269522
727800  65.2490433
728400  65.1712890
729000  65.0936889
729600  65.0162427
7.302000e+05  64.9389498
7.308000e+05  64.8618098
7.314000e+05  64.7848224
7.320000e+05  64.7079871
732600  64.6313034
733200  64.5547711
733800  64.4783895
734400  64.4021584
735000  64.3260774
7.356000e+05  64.2501459
7.362000e+05  64.1743636
7.368000e+05  64.0987301
7.374000e+05  64.0232450
738000  63.9479078
738600  63.8727182
739200  63.7976757
739800  63.7227800
740400  63.6480307
7.410000e+05  63.5734273
7.416000e+05  63.4989695
7.422000e+05  63.4246568
7.428000e+05  63.3504889
743400  63.2764654
744000  63.2025858
744600  63.1288498
745200  63.0552570
745800  62.9818071
7.464000e+05  62.9084995
7.470000e+05  62.8353339
7.476000e+05  62.7623101
7.482000e+05  62.6894274
748800  62.6166857
749400  62.5440844
750000  62.4716233
750600  62.3993019
751200  62.3271199
7.518000e+05  62.2550769
7.524000e+05  62.1831725
7.530000e+05  62.1114063
7.536000e+05  62.0397780
754200  61.9682872
754800  61.8969335
755400  61.8257166
756000  61.7546361
756600  61.6836917
7.572000e+05  61.6128828
7.578000e+05  61.5422094
7.584000e+05  61.4716708
7.590000e+05  61.4012668
759600  61.3309971
760200  61.2608612
760800  61.1908588
761400  61.1209896
762000  61.0512532
7.626000e+05  60.9816492
7.632000e+05  60.9121774
7.638000e+05  60.8428372
7.644000e+05  60.7736285
765000  60.7045508
765600  60.6356039
766200  60.5667872
766800  60.4981006
767400  60.4295437
7.680000e+05  60.3611161
7.686000e+05  60.2928174
7.692000e+05  60.2246474
7.698000e+05  60.1566057
770400  60.0886920
771000  60.0209059
771600  59.9532471
772200  59.8857153
772800  59.8183101
7.734000e+05  59.7510312
7.740000e+05  59.6838783
7.746000e+05  59.6168509
7.752000e+05  59.5499489
775800  59.4831719
776400  59.4165196
777000  59.3499915
777600  59.2835875
778200  59.2173071
7.788000e+05  59.1511501
7.794000e+05  59.0851161
7.800000e+05  59.0192049
7.806000e+05  58.9534161
781200  58.8877493
781800  58.8222043
782400  58.7567807
783000  58.6914783
783600  58.6262967
7.842000e+05  58.5612356
7.848000e+05  58.4962947
7.854000e+05  58.4314737
786000  58.3667722
786600  58.3021900
787200  58.2377268
787800  58.1733823
788400  58.1091560
789000  58.0450479
789600  57.9810574
790200  57.9171844
790800  57.8534286
791400  57.7897895
792000  57.7262670
792600  57.6628608
793200  57.5995705
793800  57.5363958
794400  57.4733365
795000  57.4103922
795600  57.3475627
796200  57.2848477
796800  57.2222468
797400  57.1597598
798000  57.0973865
798600  57.0351264
799200  56.9729793
799800  56.9109450
800400  56.8490231
801000  56.7872134
801600  56.7255156
802200  56.6639294
802800  56.6024544
803400  56.5410905
804000  56.4798374
804600  56.4186947
805200  56.3576622
805800  56.2967396
806400  56.2359267
807000  56.1752231
807600  56.1146286
808200  56.0541430
808800  55.9937658
809400  55.9334970
810000  55.8733361
810600  55.8132829
811200  55.7533372
811800  55.6934987
812400  55.6337671
813000  55.5741422
813600  55.5146236
814200  55.4552112
814800  55.3959046
815400  55.3367036
816000  55.2776080
816600  55.2186174
817200  55.1597316
817800  55.1009503
818400  55.0422734
819000  54.9837004
819600  54.9252313
820200  54.8668656
820800  54.8086032
821400  54.7504438
822000  54.6923872
822600  54.6344330
823200  54.5765811
823800  54.5188311
824400  54.4611829
825000  54.4036362
825600  54.3461907
826200  54.2888462
826800  54.2316024
827400  54.1744591
828000  54.1174161
828600  54.0604730
829200  54.0036297
829800  53.9468860
830400  53.8902414
831000  53.8336959
831600  53.7772492
832200  53.7209010
832800  53.6646511
833400  53.6084993
834000  53.5524453
834600  53.4964888
835200  53.4406297
835800  53.3848677
836400  53.3292026
837000  53.2736341
837600  53.2181620
838200  53.1627861
838800  53.1075061
839400  53.0523218
840000  52.9972330
840600  52.9422394
841200  52.8873408
841800  52.8325370
842400  52.7778278
843000  52.7232129
843600  52.6686920
844200  52.6142650
844800  52.5599317
845400  52.5056918
846000  52.4515450
846600  52.3974913
847200  52.3435302
847800  52.2896617
848400  52.2358855
849000  52.1822014
849600  52.1286091
850200  52.0751085
850800  52.0216993
851400  51.9683813
852000  51.9151543
852600  51.8620180
853200  51.8089723
853800  51.7560169
854400  51.7031516
855000  51.6503762
855600  51.5976906
856200  51.5450944
856800  51.4925874
857400  51.4401695
858000  51.3878405
858600  51.3356001
859200  51.2834481
859800  51.2313843
860400  51.1794085
861000  51.1275205
861600  51.0757201
862200  51.0240071
862800  50.9723812
863400  50.9208423
