1440
0 -0.0000000
600 -0.0000000
1200 -0.0000013
1800 -0.0001591
2400 -0.0026570
3.000000e+03 -0.0165058
3.600000e+03 -0.0587028
4200 -0.1479967
4800 -0.2975301
5400 -0.5115650
6000 -0.7862200
6600 -1.1120854
7200 -1.4770090
7800 -1.8682664
8.400000e+03 -2.2739574
9000 -2.6837468
9600 -3.0891457
10200 -3.4835062
10800 -3.8618603
11400 -4.2206897
12000 -4.5576780
12600 -4.8714757
13200 -5.1614894
13800 -5.4277040
14400 -5.6705335
15000 -5.8907023
15600 -6.0891489
16200 -6.2669525
1.680000e+04 -6.4252749
1.740000e+04 -6.5653176
18000 -6.6882889
18600 -6.7953809
19200 -6.8877516
19800 -6.9665142
20400 -7.0327292
21000 -7.0873999
2.160000e+04 -7.1314700
2.220000e+04 -7.1658234
2.280000e+04 -7.1912849
2.340000e+04 -7.2086217
24000 -7.2185455
2.460000e+04 -7.2217155
2.520000e+04 -7.2187405
25800 -7.2101829
2.640000e+04 -7.1965606
27000 -7.1783506
2.760000e+04 -7.1559918
28200 -7.1298873
2.880000e+04 -7.1004078
2.940000e+04 -7.0678932
3.000000e+04 -7.0326556
3.060000e+04 -6.9949811
31200 -6.9551322
3.180000e+04 -6.9133492
32400 -6.8698524
3.300000e+04 -6.8248435
3.360000e+04 -6.7785071
3.420000e+04 -6.7310122
3.480000e+04 -6.6825134
3.540000e+04 -6.6331520
3.600000e+04 -6.5830573
36600 -6.5323473
3.720000e+04 -6.4811299
37800 -6.4295035
3.840000e+04 -6.3775581
3.900000e+04 -6.3253754
3.960000e+04 -6.2730301
4.020000e+04 -6.2205903
4.080000e+04 -6.1681177
4.140000e+04 -6.1156685
42000 -6.0632938
4.260000e+04 -6.0110400
43200 -5.9589488
4.380000e+04 -5.9070583
4.440000e+04 -5.8554027
4.500000e+04 -5.8040130
45600 -5.7529168
4.620000e+04 -5.7021392
4.680000e+04 -5.6517024
4.740000e+04 -5.6016265
48000 -5.5519290
48600 -5.5026258
49200 -5.4537306
4.980000e+04 -5.4052557
5.040000e+04 -5.3572115
51000 -5.3096072
51600 -5.2624508
52200 -5.2157487
5.280000e+04 -5.1695065
5.340000e+04 -5.1237287
54000 -5.0784190
54600 -5.0335801
5.520000e+04 -4.9892139
5.580000e+04 -4.9453217
56400 -4.9019041
57000 -4.8589612
57600 -4.8164924
5.820000e+04 -4.7744968
5.880000e+04 -4.7329730
59400 -4.6919190
60000 -4.6513328
6.060000e+04 -4.6112117
6.120000e+04 -4.5715530
61800 -4.5323536
62400 -4.4936102
63000 -4.4553191
6.360000e+04 -4.4174767
6.420000e+04 -4.3800791
64800 -4.3431221
65400 -4.3066017
6.600000e+04 -4.2705135
6.660000e+04 -4.2348531
6.720000e+04 -4.1996160
67800 -4.1647977
68400 -4.1303935
6.900000e+04 -4.0963987
6.960000e+04 -4.0628086
70200 -4.0296185
70800 -3.9968236
7.140000e+04 -3.9644191
7.200000e+04 -3.9324002
7.260000e+04 -3.9007621
73200 -3.8695000
73800 -3.8386091
7.440000e+04 -3.8080846
7.500000e+04 -3.7779219
75600 -3.7481161
76200 -3.7186625
7.680000e+04 -3.6895565
7.740000e+04 -3.6607934
7.800000e+04 -3.6323686
78600 -3.6042775
79200 -3.5765157
7.980000e+04 -3.5490785
8.040000e+04 -3.5219616
81000 -3.4951606
81600 -3.4686711
8.220000e+04 -3.4424887
8.280000e+04 -3.4166093
8.340000e+04 -3.3910287
84000 -3.3657425
84600 -3.3407469
8.520000e+04 -3.3160376
8.580000e+04 -3.2916106
86400 -3.2674621
87000 -3.2435881
8.760000e+04 -3.2199848
8.820000e+04 -3.1966483
8.880000e+04 -3.1735750
8.940000e+04 -3.1507610
9.000000e+04 -3.1282028
90600 -3.1058968
91200 -3.0838393
91800 -3.0620271
92400 -3.0404565
9.300000e+04 -3.0191242
9.360000e+04 -2.9980269
9.420000e+04 -2.9771612
9.480000e+04 -2.9565239
9.540000e+04 -2.9361119
96000 -2.9159220
96600 -2.8959510
97200 -2.8761960
97800 -2.8566539
98400 -2.8373217
99000 -2.8181967
99600 -2.7992757
1.002000e+05 -2.7805562
1.008000e+05 -2.7620352
1.014000e+05 -2.7437101
102000 -2.7255781
102600 -2.7076366
103200 -2.6898830
103800 -2.6723147
104400 -2.6549292
105000 -2.6377240
1.056000e+05 -2.6206966
1.062000e+05 -2.6038446
1.068000e+05 -2.5871657
107400 -2.5706574
108000 -2.5543176
108600 -2.5381439
109200 -2.5221341
109800 -2.5062861
110400 -2.4905976
1.110000e+05 -2.4750665
1.116000e+05 -2.4596907
1.122000e+05 -2.4444683
112800 -2.4293970
113400 -2.4144751
114000 -2.3997004
114600 -2.3850710
115200 -2.3705851
115800 -2.3562407
1.164000e+05 -2.3420361
1.170000e+05 -2.3279694
1.176000e+05 -2.3140388
118200 -2.3002426
118800 -2.2865790
119400 -2.2730463
120000 -2.2596428
120600 -2.2463669
121200 -2.2332170
1.218000e+05 -2.2201914
1.224000e+05 -2.2072887
1.230000e+05 -2.1945071
123600 -2.1818452
124200 -2.1693015
124800 -2.1568745
125400 -2.1445627
126000 -2.1323647
126600 -2.1202791
1.272000e+05 -2.1083045
1.278000e+05 -2.0964394
1.284000e+05 -2.0846827
129000 -2.0730328
129600 -2.0614886
130200 -2.0500487
130800 -2.0387118
131400 -2.0274767
132000 -2.0163421
1.326000e+05 -2.0053069
1.332000e+05 -1.9943697
1.338000e+05 -1.9835296
1.344000e+05 -1.9727852
135000 -1.9621354
135600 -1.9515792
136200 -1.9411153
136800 -1.9307428
137400 -1.9204604
1.380000e+05 -1.9102672
1.386000e+05 -1.9001620
1.392000e+05 -1.8901440
1.398000e+05 -1.8802119
140400 -1.8703649
141000 -1.8606020
141600 -1.8509221
142200 -1.8413243
142800 -1.8318077
1.434000e+05 -1.8223713
1.440000e+05 -1.8130142
1.446000e+05 -1.8037355
1.452000e+05 -1.7945343
145800 -1.7854097
146400 -1.7763608
147000 -1.7673868
147600 -1.7584869
148200 -1.7496602
1.488000e+05 -1.7409058
1.494000e+05 -1.7322230
1.500000e+05 -1.7236110
1.506000e+05 -1.7150690
151200 -1.7065962
151800 -1.6981918
152400 -1.6898551
153000 -1.6815854
153600 -1.6733818
1.542000e+05 -1.6652438
1.548000e+05 -1.6571705
1.554000e+05 -1.6491612
1.560000e+05 -1.6412153
156600 -1.6333321
157200 -1.6255109
157800 -1.6177510
158400 -1.6100518
159000 -1.6024126
1.596000e+05 -1.5948328
1.602000e+05 -1.5873117
1.608000e+05 -1.5798488
1.614000e+05 -1.5724433
162000 -1.5650948
162600 -1.5578025
163200 -1.5505660
163800 -1.5433846
164400 -1.5362577
1.650000e+05 -1.5291848
1.656000e+05 -1.5221653
1.662000e+05 -1.5151987
1.668000e+05 -1.5082844
167400 -1.5014218
168000 -1.4946105
168600 -1.4878499
169200 -1.4811396
169800 -1.4744789
1.704000e+05 -1.4678673
1.710000e+05 -1.4613045
1.716000e+05 -1.4547898
1.722000e+05 -1.4483228
1.728000e+05 -1.4419031
173400 -1.4355301
1.740000e+05 -1.4292034
174600 -1.4229225
175200 -1.4166869
1.758000e+05 -1.4104962
176400 -1.4043500
1.770000e+05 -1.3982479
177600 -1.3921893
1.782000e+05 -1.3861738
178800 -1.3802011
1.794000e+05 -1.3742708
180000 -1.3683823
180600 -1.3625353
1.812000e+05 -1.3567294
181800 -1.3509642
1.824000e+05 -1.3452393
183000 -1.3395543
1.836000e+05 -1.3339088
184200 -1.3283025
1.848000e+05 -1.3227350
185400 -1.3172058
186000 -1.3117147
1.866000e+05 -1.3062613
187200 -1.3008452
1.878000e+05 -1.2954661
188400 -1.2901236
1.890000e+05 -1.2848173
189600 -1.2795470
1.902000e+05 -1.2743123
190800 -1.2691129
191400 -1.2639484
1.920000e+05 -1.2588185
192600 -1.2537229
1.932000e+05 -1.2486613
193800 -1.2436334
1.944000e+05 -1.2386388
195000 -1.2336773
1.956000e+05 -1.2287485
196200 -1.2238521
196800 -1.2189879
197400 -1.2141556
198000 -1.2093549
198600 -1.2045854
199200 -1.1998470
199800 -1.1951392
200400 -1.1904620
201000 -1.1858149
201600 -1.1811977
202200 -1.1766102
202800 -1.1720520
203400 -1.1675230
204000 -1.1630228
204600 -1.1585513
205200 -1.1541081
205800 -1.1496930
206400 -1.1453057
207000 -1.1409461
207600 -1.1366139
208200 -1.1323088
208800 -1.1280306
209400 -1.1237791
210000 -1.1195540
210600 -1.1153552
211200 -1.1111823
211800 -1.1070352
212400 -1.1029137
213000 -1.0988175
213600 -1.0947463
214200 -1.0907001
214800 -1.0866786
215400 -1.0826816
216000 -1.0787088
216600 -1.0747601
217200 -1.0708353
217800 -1.0669341
218400 -1.0630564
219000 -1.0592020
219600 -1.0553707
220200 -1.0515622
220800 -1.0477765
221400 -1.0440132
222000 -1.0402723
222600 -1.0365536
223200 -1.0328568
223800 -1.0291817
224400 -1.0255283
225000 -1.0218963
225600 -1.0182856
226200 -1.0146959
226800 -1.0111272
227400 -1.0075792
228000 -1.0040517
228600 -1.0005447
229200 -0.9970579
229800 -0.9935912
230400 -0.9901445
231000 -0.9867175
231600 -0.9833101
232200 -0.9799221
232800 -0.9765535
233400 -0.9732039
234000 -0.9698734
234600 -0.9665617
235200 -0.9632688
235800 -0.9599943
236400 -0.9567383
237000 -0.9535006
237600 -0.9502809
238200 -0.9470792
238800 -0.9438954
239400 -0.9407293
240000 -0.9375807
240600 -0.9344496
241200 -0.9313357
241800 -0.9282391
242400 -0.9251594
243000 -0.9220967
243600 -0.9190507
244200 -0.9160214
244800 -0.9130086
245400 -0.9100122
246000 -0.9070320
246600 -0.9040680
247200 -0.9011200
247800 -0.8981880
248400 -0.8952717
249000 -0.8923711
249600 -0.8894860
250200 -0.8866164
250800 -0.8837621
251400 -0.8809229
252000 -0.8780989
252600 -0.8752899
253200 -0.8724958
253800 -0.8697164
254400 -0.8669516
255000 -0.8642014
255600 -0.8614657
256200 -0.8587443
256800 -0.8560371
257400 -0.8533440
258000 -0.8506650
258600 -0.8479999
259200 -0.8453486
259800 -0.8427111
260400 -0.8400871
261000 -0.8374767
261600 -0.8348797
262200 -0.8322961
262800 -0.8297257
263400 -0.8271684
264000 -0.8246242
264600 -0.8220930
265200 -0.8195746
265800 -0.8170690
266400 -0.8145760
267000 -0.8120957
267600 -0.8096279
268200 -0.8071725
268800 -0.8047294
269400 -0.8022986
270000 -0.7998799
270600 -0.7974734
271200 -0.7950788
271800 -0.7926961
272400 -0.7903252
273000 -0.7879661
273600 -0.7856187
274200 -0.7832828
274800 -0.7809585
275400 -0.7786456
276000 -0.7763440
276600 -0.7740537
277200 -0.7717746
277800 -0.7695066
278400 -0.7672497
279000 -0.7650037
279600 -0.7627686
280200 -0.7605443
280800 -0.7583308
281400 -0.7561280
282000 -0.7539357
282600 -0.7517540
283200 -0.7495828
283800 -0.7474219
284400 -0.7452714
285000 -0.7431311
285600 -0.7410010
286200 -0.7388811
286800 -0.7367711
287400 -0.7346712
288000 -0.7325812
288600 -0.7305010
289200 -0.7284307
289800 -0.7263700
290400 -0.7243191
291000 -0.7222777
291600 -0.7202458
292200 -0.7182235
292800 -0.7162105
293400 -0.7142069
294000 -0.7122126
294600 -0.7102275
295200 -0.7082516
295800 -0.7062848
296400 -0.7043271
297000 -0.7023783
297600 -0.7004385
298200 -0.6985076
298800 -0.6965855
299400 -0.6946722
300000 -0.6927676
300600 -0.6908716
301200 -0.6889843
301800 -0.6871055
302400 -0.6852352
303000 -0.6833733
303600 -0.6815198
304200 -0.6796747
304800 -0.6778379
305400 -0.6760092
306000 -0.6741888
306600 -0.6723765
307200 -0.6705722
307800 -0.6687760
308400 -0.6669878
309000 -0.6652075
309600 -0.6634351
310200 -0.6616705
310800 -0.6599137
311400 -0.6581647
312000 -0.6564233
312600 -0.6546896
313200 -0.6529634
313800 -0.6512449
314400 -0.6495338
315000 -0.6478301
315600 -0.6461339
316200 -0.6444451
316800 -0.6427636
317400 -0.6410893
318000 -0.6394223
318600 -0.6377625
319200 -0.6361098
319800 -0.6344642
320400 -0.6328257
321000 -0.6311943
321600 -0.6295698
322200 -0.6279522
322800 -0.6263415
323400 -0.6247377
324000 -0.6231407
324600 -0.6215504
325200 -0.6199669
325800 -0.6183901
326400 -0.6168200
327000 -0.6152564
327600 -0.6136995
328200 -0.6121490
328800 -0.6106051
329400 -0.6090677
330000 -0.6075366
330600 -0.6060120
331200 -0.6044937
331800 -0.6029817
332400 -0.6014759
333000 -0.5999765
333600 -0.5984832
334200 -0.5969961
334800 -0.5955151
335400 -0.5940402
336000 -0.5925714
336600 -0.5911086
337200 -0.5896518
337800 -0.5882010
338400 -0.5867561
339000 -0.5853171
339600 -0.5838839
340200 -0.5824566
340800 -0.5810350
341400 -0.5796192
342000 -0.5782092
342600 -0.5768048
343200 -0.5754061
343800 -0.5740130
344400 -0.5726255
345000 -0.5712436
345600 -0.5698672
3.462000e+05 -0.5684963
3.468000e+05 -0.5671309
347400 -0.5657710
348000 -0.5644164
3.486000e+05 -0.5630673
3.492000e+05 -0.5617235
349800 -0.5603850
350400 -0.5590518
351000 -0.5577239
3.516000e+05 -0.5564012
3.522000e+05 -0.5550837
352800 -0.5537714
353400 -0.5524643
3.540000e+05 -0.5511622
3.546000e+05 -0.5498653
355200 -0.5485734
355800 -0.5472866
356400 -0.5460048
3.570000e+05 -0.5447280
3.576000e+05 -0.5434561
358200 -0.5421892
358800 -0.5409271
3.594000e+05 -0.5396699
3.600000e+05 -0.5384176
360600 -0.5371702
361200 -0.5359275
361800 -0.5346895
3.624000e+05 -0.5334564
3.630000e+05 -0.5322279
363600 -0.5310042
364200 -0.5297851
3.648000e+05 -0.5285707
3.654000e+05 -0.5273609
366000 -0.5261557
366600 -0.5249550
367200 -0.5237590
3.678000e+05 -0.5225674
3.684000e+05 -0.5213803
369000 -0.5201978
369600 -0.5190196
3.702000e+05 -0.5178459
3.708000e+05 -0.5166767
371400 -0.5155118
372000 -0.5143512
372600 -0.5131950
3.732000e+05 -0.5120431
3.738000e+05 -0.5108955
374400 -0.5097522
375000 -0.5086131
3.756000e+05 -0.5074783
3.762000e+05 -0.5063477
376800 -0.5052212
377400 -0.5040989
378000 -0.5029808
3.786000e+05 -0.5018667
3.792000e+05 -0.5007568
379800 -0.4996509
380400 -0.4985491
3.810000e+05 -0.4974514
3.816000e+05 -0.4963576
382200 -0.4952678
382800 -0.4941821
383400 -0.4931002
3.840000e+05 -0.4920223
3.846000e+05 -0.4909484
385200 -0.4898783
385800 -0.4888120
3.864000e+05 -0.4877497
3.870000e+05 -0.4866912
387600 -0.4856364
388200 -0.4845855
388800 -0.4835384
3.894000e+05 -0.4824950
3.900000e+05 -0.4814554
390600 -0.4804195
391200 -0.4793873
3.918000e+05 -0.4783587
3.924000e+05 -0.4773339
393000 -0.4763126
393600 -0.4752951
394200 -0.4742811
394800 -0.4732707
395400 -0.4722639
396000 -0.4712606
396600 -0.4702609
397200 -0.4692648
397800 -0.4682721
398400 -0.4672829
399000 -0.4662972
399600 -0.4653149
400200 -0.4643361
400800 -0.4633607
401400 -0.4623887
402000 -0.4614201
402600 -0.4604548
403200 -0.4594929
403800 -0.4585344
404400 -0.4575791
405000 -0.4566272
405600 -0.4556786
406200 -0.4547332
406800 -0.4537911
407400 -0.4528523
408000 -0.4519166
408600 -0.4509842
409200 -0.4500550
409800 -0.4491290
410400 -0.4482061
411000 -0.4472864
411600 -0.4463698
412200 -0.4454563
412800 -0.4445460
413400 -0.4436387
414000 -0.4427345
414600 -0.4418334
415200 -0.4409353
415800 -0.4400402
416400 -0.4391482
417000 -0.4382592
417600 -0.4373732
418200 -0.4364901
418800 -0.4356100
419400 -0.4347329
420000 -0.4338586
420600 -0.4329874
421200 -0.4321190
421800 -0.4312535
422400 -0.4303909
423000 -0.4295311
423600 -0.4286743
424200 -0.4278202
424800 -0.4269690
425400 -0.4261206
426000 -0.4252750
426600 -0.4244322
427200 -0.4235921
427800 -0.4227549
428400 -0.4219203
429000 -0.4210886
429600 -0.4202595
430200 -0.4194331
430800 -0.4186095
431400 -0.4177885
432000 -0.4169703
432600 -0.4161546
4.332000e+05 -0.4153417
433800 -0.4145313
434400 -0.4137236
435000 -0.4129185
435600 -0.4121161
4.362000e+05 -0.4113162
436800 -0.4105189
437400 -0.4097241
438000 -0.4089319
4.386000e+05 -0.4081423
439200 -0.4073552
439800 -0.4065706
440400 -0.4057885
441000 -0.4050090
4.416000e+05 -0.4042319
442200 -0.4034573
442800 -0.4026852
443400 -0.4019155
4.440000e+05 -0.4011482
444600 -0.4003834
445200 -0.3996211
445800 -0.3988611
446400 -0.3981035
4.470000e+05 -0.3973484
447600 -0.3965956
448200 -0.3958452
448800 -0.3950971
4.494000e+05 -0.3943514
450000 -0.3936080
450600 -0.3928670
451200 -0.3921283
451800 -0.3913919
4.524000e+05 -0.3906578
453000 -0.3899259
453600 -0.3891964
454200 -0.3884691
4.548000e+05 -0.3877441
455400 -0.3870213
456000 -0.3863008
456600 -0.3855825
457200 -0.3848664
4.578000e+05 -0.3841526
458400 -0.3834409
459000 -0.3827314
459600 -0.3820241
4.602000e+05 -0.3813190
460800 -0.3806161
461400 -0.3799153
462000 -0.3792166
462600 -0.3785201
4.632000e+05 -0.3778257
463800 -0.3771334
464400 -0.3764433
465000 -0.3757552
4.656000e+05 -0.3750692
466200 -0.3743853
466800 -0.3737035
467400 -0.3730238
468000 -0.3723461
4.686000e+05 -0.3716704
469200 -0.3709968
469800 -0.3703252
470400 -0.3696556
4.710000e+05 -0.3689881
471600 -0.3683225
472200 -0.3676590
472800 -0.3669974
473400 -0.3663378
4.740000e+05 -0.3656802
474600 -0.3650246
475200 -0.3643709
475800 -0.3637191
4.764000e+05 -0.3630693
477000 -0.3624214
477600 -0.3617755
478200 -0.3611314
478800 -0.3604893
479400 -0.3598490
480000 -0.3592107
480600 -0.3585742
481200 -0.3579396
4.818000e+05 -0.3573069
482400 -0.3566760
483000 -0.3560470
483600 -0.3554199
484200 -0.3547945
484800 -0.3541710
485400 -0.3535493
486000 -0.3529295
486600 -0.3523114
4.872000e+05 -0.3516952
487800 -0.3510807
488400 -0.3504680
489000 -0.3498571
489600 -0.3492480
490200 -0.3486406
490800 -0.3480350
491400 -0.3474311
492000 -0.3468290
4.926000e+05 -0.3462286
493200 -0.3456300
493800 -0.3450330
494400 -0.3444378
495000 -0.3438443
495600 -0.3432525
496200 -0.3426623
496800 -0.3420739
497400 -0.3414872
4.980000e+05 -0.3409021
498600 -0.3403187
499200 -0.3397369
499800 -0.3391568
500400 -0.3385784
501000 -0.3380015
501600 -0.3374264
502200 -0.3368528
502800 -0.3362809
5.034000e+05 -0.3357106
504000 -0.3351419
504600 -0.3345748
505200 -0.3340093
505800 -0.3334453
506400 -0.3328830
507000 -0.3323222
507600 -0.3317631
508200 -0.3312054
5.088000e+05 -0.3306494
509400 -0.3300949
510000 -0.3295419
510600 -0.3289905
511200 -0.3284406
511800 -0.3278922
512400 -0.3273454
513000 -0.3268001
513600 -0.3262562
5.142000e+05 -0.3257139
514800 -0.3251731
515400 -0.3246338
516000 -0.3240960
516600 -0.3235596
517200 -0.3230248
517800 -0.3224914
518400 -0.3219594
519000 -0.3214290
5.196000e+05 -0.3209000
5.202000e+05 -0.3203724
520800 -0.3198463
521400 -0.3193216
522000 -0.3187983
522600 -0.3182765
523200 -0.3177560
523800 -0.3172370
524400 -0.3167195
5.250000e+05 -0.3162033
5.256000e+05 -0.3156885
526200 -0.3151751
526800 -0.3146631
527400 -0.3141525
528000 -0.3136432
528600 -0.3131354
529200 -0.3126289
529800 -0.3121237
5.304000e+05 -0.3116199
5.310000e+05 -0.3111175
531600 -0.3106164
532200 -0.3101167
532800 -0.3096183
533400 -0.3091212
534000 -0.3086255
534600 -0.3081311
535200 -0.3076380
5.358000e+05 -0.3071462
5.364000e+05 -0.3066557
537000 -0.3061665
537600 -0.3056786
538200 -0.3051920
538800 -0.3047067
539400 -0.3042227
540000 -0.3037400
540600 -0.3032585
5.412000e+05 -0.3027783
5.418000e+05 -0.3022994
542400 -0.3018217
543000 -0.3013453
543600 -0.3008702
544200 -0.3003962
544800 -0.2999236
545400 -0.2994521
546000 -0.2989819
5.466000e+05 -0.2985129
5.472000e+05 -0.2980452
547800 -0.2975787
548400 -0.2971133
549000 -0.2966492
549600 -0.2961863
550200 -0.2957246
550800 -0.2952641
551400 -0.2948048
5.520000e+05 -0.2943467
5.526000e+05 -0.2938897
553200 -0.2934340
553800 -0.2929794
554400 -0.2925260
555000 -0.2920737
555600 -0.2916227
556200 -0.2911727
556800 -0.2907240
5.574000e+05 -0.2902764
5.580000e+05 -0.2898299
558600 -0.2893846
559200 -0.2889404
559800 -0.2884973
560400 -0.2880554
561000 -0.2876146
561600 -0.2871749
562200 -0.2867363
5.628000e+05 -0.2862989
5.634000e+05 -0.2858626
564000 -0.2854273
564600 -0.2849932
565200 -0.2845602
565800 -0.2841282
566400 -0.2836974
567000 -0.2832676
567600 -0.2828390
5.682000e+05 -0.2824114
5.688000e+05 -0.2819849
569400 -0.2815594
570000 -0.2811350
570600 -0.2807117
571200 -0.2802895
571800 -0.2798683
572400 -0.2794481
573000 -0.2790290
5.736000e+05 -0.2786110
5.742000e+05 -0.2781940
574800 -0.2777780
575400 -0.2773631
576000 -0.2769491
576600 -0.2765363
577200 -0.2761244
577800 -0.2757136
578400 -0.2753038
5.790000e+05 -0.2748950
5.796000e+05 -0.2744872
580200 -0.2740804
580800 -0.2736746
581400 -0.2732698
582000 -0.2728660
582600 -0.2724632
583200 -0.2720614
583800 -0.2716606
5.844000e+05 -0.2712608
5.850000e+05 -0.2708619
585600 -0.2704640
586200 -0.2700671
586800 -0.2696712
587400 -0.2692762
588000 -0.2688822
588600 -0.2684891
589200 -0.2680970
5.898000e+05 -0.2677059
5.904000e+05 -0.2673157
591000 -0.2669265
591600 -0.2665381
592200 -0.2661508
592800 -0.2657644
593400 -0.2653789
594000 -0.2649943
594600 -0.2646107
5.952000e+05 -0.2642279
5.958000e+05 -0.2638461
596400 -0.2634653
597000 -0.2630853
597600 -0.2627063
598200 -0.2623281
598800 -0.2619509
599400 -0.2615745
600000 -0.2611991
6.006000e+05 -0.2608246
6.012000e+05 -0.2604509
601800 -0.2600782
602400 -0.2597063
603000 -0.2593353
603600 -0.2589652
604200 -0.2585960
604800 -0.2582277
605400 -0.2578602
6.060000e+05 -0.2574936
6.066000e+05 -0.2571279
607200 -0.2567630
607800 -0.2563990
608400 -0.2560358
609000 -0.2556735
609600 -0.2553121
610200 -0.2549515
610800 -0.2545918
6.114000e+05 -0.2542329
6.120000e+05 -0.2538748
612600 -0.2535176
613200 -0.2531612
613800 -0.2528057
614400 -0.2524510
615000 -0.2520971
615600 -0.2517440
616200 -0.2513918
6.168000e+05 -0.2510403
6.174000e+05 -0.2506897
618000 -0.2503399
618600 -0.2499910
619200 -0.2496428
619800 -0.2492954
620400 -0.2489489
621000 -0.2486031
621600 -0.2482582
6.222000e+05 -0.2479140
6.228000e+05 -0.2475707
623400 -0.2472281
624000 -0.2468863
624600 -0.2465453
625200 -0.2462051
625800 -0.2458656
626400 -0.2455270
627000 -0.2451891
6.276000e+05 -0.2448520
6.282000e+05 -0.2445157
628800 -0.2441801
629400 -0.2438453
630000 -0.2435113
630600 -0.2431780
631200 -0.2428455
631800 -0.2425137
632400 -0.2421827
6.330000e+05 -0.2418525
6.336000e+05 -0.2415230
634200 -0.2411942
634800 -0.2408662
635400 -0.2405389
636000 -0.2402124
636600 -0.2398866
637200 -0.2395616
637800 -0.2392372
6.384000e+05 -0.2389136
6.390000e+05 -0.2385908
639600 -0.2382686
640200 -0.2379472
640800 -0.2376265
641400 -0.2373066
642000 -0.2369873
642600 -0.2366688
643200 -0.2363509
6.438000e+05 -0.2360338
6.444000e+05 -0.2357174
645000 -0.2354017
645600 -0.2350867
646200 -0.2347724
646800 -0.2344588
647400 -0.2341459
648000 -0.2338337
648600 -0.2335222
6.492000e+05 -0.2332113
6.498000e+05 -0.2329012
650400 -0.2325918
651000 -0.2322830
651600 -0.2319749
652200 -0.2316675
652800 -0.2313608
653400 -0.2310547
654000 -0.2307494
6.546000e+05 -0.2304446
6.552000e+05 -0.2301406
655800 -0.2298372
656400 -0.2295345
657000 -0.2292325
657600 -0.2289311
658200 -0.2286304
658800 -0.2283303
659400 -0.2280309
6.600000e+05 -0.2277322
6.606000e+05 -0.2274341
661200 -0.2271366
661800 -0.2268398
662400 -0.2265437
663000 -0.2262482
663600 -0.2259533
664200 -0.2256590
664800 -0.2253655
6.654000e+05 -0.2250725
6.660000e+05 -0.2247802
666600 -0.2244885
667200 -0.2241974
667800 -0.2239070
668400 -0.2236172
669000 -0.2233280
669600 -0.2230394
670200 -0.2227515
6.708000e+05 -0.2224641
671400 -0.2221774
672000 -0.2218913
672600 -0.2216059
673200 -0.2213210
673800 -0.2210367
674400 -0.2207531
675000 -0.2204700
675600 -0.2201876
6.762000e+05 -0.2199057
676800 -0.2196245
677400 -0.2193439
678000 -0.2190638
678600 -0.2187844
679200 -0.2185055
679800 -0.2182272
680400 -0.2179496
681000 -0.2176725
6.816000e+05 -0.2173960
682200 -0.2171201
682800 -0.2168447
683400 -0.2165700
684000 -0.2162958
684600 -0.2160222
685200 -0.2157492
685800 -0.2154768
686400 -0.2152049
6.870000e+05 -0.2149336
687600 -0.2146629
688200 -0.2143927
688800 -0.2141231
689400 -0.2138541
690000 -0.2135856
690600 -0.2133177
691200 -0.2130503
691800 -0.2127835
6.924000e+05 -0.2125173
6.930000e+05 -0.2122516
6.936000e+05 -0.2119865
6.942000e+05 -0.2117219
694800 -0.2114579
695400 -0.2111944
696000 -0.2109314
696600 -0.2106691
697200 -0.2104072
6.978000e+05 -0.2101459
6.984000e+05 -0.2098851
6.990000e+05 -0.2096249
6.996000e+05 -0.2093652
700200 -0.2091061
700800 -0.2088474
701400 -0.2085894
702000 -0.2083318
702600 -0.2080748
7.032000e+05 -0.2078183
7.038000e+05 -0.2075623
7.044000e+05 -0.2073069
7.050000e+05 -0.2070519
705600 -0.2067975
706200 -0.2065436
706800 -0.2062903
707400 -0.2060374
708000 -0.2057851
7.086000e+05 -0.2055333
7.092000e+05 -0.2052820
7.098000e+05 -0.2050312
7.104000e+05 -0.2047809
711000 -0.2045311
711600 -0.2042818
712200 -0.2040331
712800 -0.2037848
713400 -0.2035371
7.140000e+05 -0.2032898
7.146000e+05 -0.2030431
7.152000e+05 -0.2027968
7.158000e+05 -0.2025511
716400 -0.2023058
717000 -0.2020610
717600 -0.2018167
718200 -0.2015730
718800 -0.2013297
7.194000e+05 -0.2010869
7.200000e+05 -0.2008445
7.206000e+05 -0.2006027
7.212000e+05 -0.2003614
721800 -0.2001205
722400 -0.1998801
723000 -0.1996402
723600 -0.1994008
724200 -0.1991619
7.248000e+05 -0.1989234
7.254000e+05 -0.1986854
7.260000e+05 -0.1984479
7.266000e+05 -0.1982108
727200 -0.1979743
727800 -0.1977382
728400 -0.1975025
729000 -0.1972674
729600 -0.1970326
7.302000e+05 -0.1967984
7.308000e+05 -0.1965646
7.314000e+05 -0.1963313
7.320000e+05 -0.1960985
732600 -0.1958661
733200 -0.1956342
733800 -0.1954027
734400 -0.1951717
735000 -0.1949411
7.356000e+05 -0.1947110
7.362000e+05 -0.1944813
7.368000e+05 -0.1942521
7.374000e+05 -0.1940234
738000 -0.1937950
738600 -0.1935672
739200 -0.1933398
739800 -0.1931128
740400 -0.1928863
7.410000e+05 -0.1926602
7.416000e+05 -0.1924345
7.422000e+05 -0.1922093
7.428000e+05 -0.1919846
743400 -0.1917602
744000 -0.1915363
744600 -0.1913129
745200 -0.1910899
745800 -0.1908673
7.464000e+05 -0.1906451
7.470000e+05 -0.1904234
7.476000e+05 -0.1902021
7.482000e+05 -0.1899812
748800 -0.1897608
749400 -0.1895407
750000 -0.1893211
750600 -0.1891020
751200 -0.1888832
7.518000e+05 -0.1886649
7.524000e+05 -0.1884470
7.530000e+05 -0.1882295
7.536000e+05 -0.1880124
754200 -0.1877958
754800 -0.1875795
755400 -0.1873637
756000 -0.1871483
756600 -0.1869333
7.572000e+05 -0.1867187
7.578000e+05 -0.1865045
7.584000e+05 -0.1862908
7.590000e+05 -0.1860774
759600 -0.1858645
760200 -0.1856519
760800 -0.1854398
761400 -0.1852280
762000 -0.1850167
7.626000e+05 -0.1848058
7.632000e+05 -0.1845952
7.638000e+05 -0.1843851
7.644000e+05 -0.1841753
765000 -0.1839660
765600 -0.1837571
766200 -0.1835485
766800 -0.1833404
767400 -0.1831326
7.680000e+05 -0.1829252
7.686000e+05 -0.1827182
7.692000e+05 -0.1825117
7.698000e+05 -0.1823055
770400 -0.1820996
771000 -0.1818942
771600 -0.1816892
772200 -0.1814845
772800 -0.1812802
7.734000e+05 -0.1810764
7.740000e+05 -0.1808728
7.746000e+05 -0.1806697
7.752000e+05 -0.1804670
775800 -0.1802646
776400 -0.1800626
777000 -0.1798610
777600 -0.1796598
778200 -0.1794589
7.788000e+05 -0.1792584
7.794000e+05 -0.1790583
7.800000e+05 -0.1788585
7.806000e+05 -0.1786592
781200 -0.1784602
781800 -0.1782615
782400 -0.1780633
783000 -0.1778654
783600 -0.1776678
7.842000e+05 -0.1774707
7.848000e+05 -0.1772739
7.854000e+05 -0.1770774
786000 -0.1768813
786600 -0.1766856
787200 -0.1764903
787800 -0.1762953
788400 -0.1761006
789000 -0.1759063
789600 -0.1757124
790200 -0.1755189
790800 -0.1753256
791400 -0.1751328
792000 -0.1749403
792600 -0.1747481
793200 -0.1745563
793800 -0.1743649
794400 -0.1741738
795000 -0.1739830
795600 -0.1737926
796200 -0.1736025
796800 -0.1734128
797400 -0.1732235
798000 -0.1730344
798600 -0.1728458
799200 -0.1726574
799800 -0.1724694
800400 -0.1722818
801000 -0.1720945
801600 -0.1719075
802200 -0.1717208
802800 -0.1715345
803400 -0.1713486
804000 -0.1711630
804600 -0.1709777
805200 -0.1707927
805800 -0.1706081
806400 -0.1704238
807000 -0.1702398
807600 -0.1700562
808200 -0.1698729
808800 -0.1696899
809400 -0.1695073
810000 -0.1693249
810600 -0.1691429
811200 -0.1689613
811800 -0.1687799
812400 -0.1685989
813000 -0.1684182
813600 -0.1682379
814200 -0.1680578
814800 -0.1678781
815400 -0.1676987
816000 -0.1675196
816600 -0.1673408
817200 -0.1671624
817800 -0.1669842
818400 -0.1668064
819000 -0.1666289
819600 -0.1664517
820200 -0.1662748
820800 -0.1660983
821400 -0.1659220
822000 -0.1657461
822600 -0.1655704
823200 -0.1653951
823800 -0.1652201
824400 -0.1650454
825000 -0.1648710
825600 -0.1646969
826200 -0.1645231
826800 -0.1643496
827400 -0.1641765
828000 -0.1640036
828600 -0.1638310
829200 -0.1636588
829800 -0.1634868
830400 -0.1633151
831000 -0.1631438
831600 -0.1629727
832200 -0.1628020
832800 -0.1626315
833400 -0.1624613
834000 -0.1622914
834600 -0.1621219
835200 -0.1619526
835800 -0.1617836
836400 -0.1616149
837000 -0.1614465
837600 -0.1612784
838200 -0.1611106
838800 -0.1609431
839400 -0.1607758
840000 -0.1606089
840600 -0.1604422
841200 -0.1602758
841800 -0.1601098
842400 -0.1599440
843000 -0.1597784
843600 -0.1596132
844200 -0.1594483
844800 -0.1592836
845400 -0.1591192
846000 -0.1589552
846600 -0.1587913
847200 -0.1586278
847800 -0.1584646
848400 -0.1583016
849000 -0.1581389
849600 -0.1579765
850200 -0.1578144
850800 -0.1576525
851400 -0.1574909
852000 -0.1573296
852600 -0.1571686
853200 -0.1570078
853800 -0.1568473
854400 -0.1566871
855000 -0.1565272
855600 -0.1563675
856200 -0.1562081
856800 -0.1560490
857400 -0.1558902
858000 -0.1557316
858600 -0.1555733
859200 -0.1554152
859800 -0.1552574
860400 -0.1550999
861000 -0.1549427
861600 -0.1547857
862200 -0.1546290
862800 -0.1544725
863400 -0.1543163
